71.2 70.8 71.9 72.1 71.5 72.4 73.7 72.8 72.0 72.2 71.7 72.0 71.8 71.7 71.5 71.6 73.6 73.8 73.4 73.0 73.5 
70.8 71.9 72.1 71.5 72.4 73.7 72.8 72.0 72.2 71.7 72.0 71.8 71.7 71.5 71.6 73.6 73.8 73.4 73.0 73.5 73.5 
71.9 72.1 71.5 72.4 73.7 72.8 72.0 72.2 71.7 72.0 71.8 71.7 71.5 71.6 73.6 73.8 73.4 73.0 73.5 73.5 73.5 
72.1 71.5 72.4 73.7 72.8 72.0 72.2 71.7 72.0 71.8 71.7 71.5 71.6 73.6 73.8 73.4 73.0 73.5 73.5 73.5 74.4 
71.5 72.4 73.7 72.8 72.0 72.2 71.7 72.0 71.8 71.7 71.5 71.6 73.6 73.8 73.4 73.0 73.5 73.5 73.5 74.4 74.2 
72.4 73.7 72.8 72.0 72.2 71.7 72.0 71.8 71.7 71.5 71.6 73.6 73.8 73.4 73.0 73.5 73.5 73.5 74.4 74.2 72.8 
73.7 72.8 72.0 72.2 71.7 72.0 71.8 71.7 71.5 71.6 73.6 73.8 73.4 73.0 73.5 73.5 73.5 74.4 74.2 72.8 71.8 
72.8 72.0 72.2 71.7 72.0 71.8 71.7 71.5 71.6 73.6 73.8 73.4 73.0 73.5 73.5 73.5 74.4 74.2 72.8 71.8 73.7 
72.0 72.2 71.7 72.0 71.8 71.7 71.5 71.6 73.6 73.8 73.4 73.0 73.5 73.5 73.5 74.4 74.2 72.8 71.8 73.7 74.0 
72.2 71.7 72.0 71.8 71.7 71.5 71.6 73.6 73.8 73.4 73.0 73.5 73.5 73.5 74.4 74.2 72.8 71.8 73.7 74.0 73.7 
71.7 72.0 71.8 71.7 71.5 71.6 73.6 73.8 73.4 73.0 73.5 73.5 73.5 74.4 74.2 72.8 71.8 73.7 74.0 73.7 74.3 
72.0 71.8 71.7 71.5 71.6 73.6 73.8 73.4 73.0 73.5 73.5 73.5 74.4 74.2 72.8 71.8 73.7 74.0 73.7 74.3 73.6 
71.8 71.7 71.5 71.6 73.6 73.8 73.4 73.0 73.5 73.5 73.5 74.4 74.2 72.8 71.8 73.7 74.0 73.7 74.3 73.6 74.0 
71.7 71.5 71.6 73.6 73.8 73.4 73.0 73.5 73.5 73.5 74.4 74.2 72.8 71.8 73.7 74.0 73.7 74.3 73.6 74.0 73.3 
71.5 71.6 73.6 73.8 73.4 73.0 73.5 73.5 73.5 74.4 74.2 72.8 71.8 73.7 74.0 73.7 74.3 73.6 74.0 73.3 73.0 
71.6 73.6 73.8 73.4 73.0 73.5 73.5 73.5 74.4 74.2 72.8 71.8 73.7 74.0 73.7 74.3 73.6 74.0 73.3 73.0 74.0 
73.6 73.8 73.4 73.0 73.5 73.5 73.5 74.4 74.2 72.8 71.8 73.7 74.0 73.7 74.3 73.6 74.0 73.3 73.0 74.0 74.8 
73.8 73.4 73.0 73.5 73.5 73.5 74.4 74.2 72.8 71.8 73.7 74.0 73.7 74.3 73.6 74.0 73.3 73.0 74.0 74.8 75.5 
73.4 73.0 73.5 73.5 73.5 74.4 74.2 72.8 71.8 73.7 74.0 73.7 74.3 73.6 74.0 73.3 73.0 74.0 74.8 75.5 76.5 
73.0 73.5 73.5 73.5 74.4 74.2 72.8 71.8 73.7 74.0 73.7 74.3 73.6 74.0 73.3 73.0 74.0 74.8 75.5 76.5 76.6 
73.5 73.5 73.5 74.4 74.2 72.8 71.8 73.7 74.0 73.7 74.3 73.6 74.0 73.3 73.0 74.0 74.8 75.5 76.5 76.6 77.0 
73.5 73.5 74.4 74.2 72.8 71.8 73.7 74.0 73.7 74.3 73.6 74.0 73.3 73.0 74.0 74.8 75.5 76.5 76.6 77.0 76.3 
73.5 74.4 74.2 72.8 71.8 73.7 74.0 73.7 74.3 73.6 74.0 73.3 73.0 74.0 74.8 75.5 76.5 76.6 77.0 76.3 75.2 
74.4 74.2 72.8 71.8 73.7 74.0 73.7 74.3 73.6 74.0 73.3 73.0 74.0 74.8 75.5 76.5 76.6 77.0 76.3 75.2 76.0 
74.2 72.8 71.8 73.7 74.0 73.7 74.3 73.6 74.0 73.3 73.0 74.0 74.8 75.5 76.5 76.6 77.0 76.3 75.2 76.0 76.4 
72.8 71.8 73.7 74.0 73.7 74.3 73.6 74.0 73.3 73.0 74.0 74.8 75.5 76.5 76.6 77.0 76.3 75.2 76.0 76.4 76.5 
71.8 73.7 74.0 73.7 74.3 73.6 74.0 73.3 73.0 74.0 74.8 75.5 76.5 76.6 77.0 76.3 75.2 76.0 76.4 76.5 77.0 
73.7 74.0 73.7 74.3 73.6 74.0 73.3 73.0 74.0 74.8 75.5 76.5 76.6 77.0 76.3 75.2 76.0 76.4 76.5 77.0 77.5 
74.0 73.7 74.3 73.6 74.0 73.3 73.0 74.0 74.8 75.5 76.5 76.6 77.0 76.3 75.2 76.0 76.4 76.5 77.0 77.5 77.4 
73.7 74.3 73.6 74.0 73.3 73.0 74.0 74.8 75.5 76.5 76.6 77.0 76.3 75.2 76.0 76.4 76.5 77.0 77.5 77.4 76.6 
74.3 73.6 74.0 73.3 73.0 74.0 74.8 75.5 76.5 76.6 77.0 76.3 75.2 76.0 76.4 76.5 77.0 77.5 77.4 76.6 76.1 
73.6 74.0 73.3 73.0 74.0 74.8 75.5 76.5 76.6 77.0 76.3 75.2 76.0 76.4 76.5 77.0 77.5 77.4 76.6 76.1 76.2 
74.0 73.3 73.0 74.0 74.8 75.5 76.5 76.6 77.0 76.3 75.2 76.0 76.4 76.5 77.0 77.5 77.4 76.6 76.1 76.2 77.7 
73.3 73.0 74.0 74.8 75.5 76.5 76.6 77.0 76.3 75.2 76.0 76.4 76.5 77.0 77.5 77.4 76.6 76.1 76.2 77.7 77.5 
73.0 74.0 74.8 75.5 76.5 76.6 77.0 76.3 75.2 76.0 76.4 76.5 77.0 77.5 77.4 76.6 76.1 76.2 77.7 77.5 77.4 
74.0 74.8 75.5 76.5 76.6 77.0 76.3 75.2 76.0 76.4 76.5 77.0 77.5 77.4 76.6 76.1 76.2 77.7 77.5 77.4 76.9 
74.8 75.5 76.5 76.6 77.0 76.3 75.2 76.0 76.4 76.5 77.0 77.5 77.4 76.6 76.1 76.2 77.7 77.5 77.4 76.9 75.8 
75.5 76.5 76.6 77.0 76.3 75.2 76.0 76.4 76.5 77.0 77.5 77.4 76.6 76.1 76.2 77.7 77.5 77.4 76.9 75.8 75.6 
76.5 76.6 77.0 76.3 75.2 76.0 76.4 76.5 77.0 77.5 77.4 76.6 76.1 76.2 77.7 77.5 77.4 76.9 75.8 75.6 74.5 
76.6 77.0 76.3 75.2 76.0 76.4 76.5 77.0 77.5 77.4 76.6 76.1 76.2 77.7 77.5 77.4 76.9 75.8 75.6 74.5 74.7 
77.0 76.3 75.2 76.0 76.4 76.5 77.0 77.5 77.4 76.6 76.1 76.2 77.7 77.5 77.4 76.9 75.8 75.6 74.5 74.7 73.6 
76.3 75.2 76.0 76.4 76.5 77.0 77.5 77.4 76.6 76.1 76.2 77.7 77.5 77.4 76.9 75.8 75.6 74.5 74.7 73.6 74.8 
75.2 76.0 76.4 76.5 77.0 77.5 77.4 76.6 76.1 76.2 77.7 77.5 77.4 76.9 75.8 75.6 74.5 74.7 73.6 74.8 74.5 
76.0 76.4 76.5 77.0 77.5 77.4 76.6 76.1 76.2 77.7 77.5 77.4 76.9 75.8 75.6 74.5 74.7 73.6 74.8 74.5 75.0 
76.4 76.5 77.0 77.5 77.4 76.6 76.1 76.2 77.7 77.5 77.4 76.9 75.8 75.6 74.5 74.7 73.6 74.8 74.5 75.0 73.8 
76.5 77.0 77.5 77.4 76.6 76.1 76.2 77.7 77.5 77.4 76.9 75.8 75.6 74.5 74.7 73.6 74.8 74.5 75.0 73.8 75.0 
77.0 77.5 77.4 76.6 76.1 76.2 77.7 77.5 77.4 76.9 75.8 75.6 74.5 74.7 73.6 74.8 74.5 75.0 73.8 75.0 74.6 
77.5 77.4 76.6 76.1 76.2 77.7 77.5 77.4 76.9 75.8 75.6 74.5 74.7 73.6 74.8 74.5 75.0 73.8 75.0 74.6 73.6 
77.4 76.6 76.1 76.2 77.7 77.5 77.4 76.9 75.8 75.6 74.5 74.7 73.6 74.8 74.5 75.0 73.8 75.0 74.6 73.6 73.5 
76.6 76.1 76.2 77.7 77.5 77.4 76.9 75.8 75.6 74.5 74.7 73.6 74.8 74.5 75.0 73.8 75.0 74.6 73.6 73.5 74.7 
76.1 76.2 77.7 77.5 77.4 76.9 75.8 75.6 74.5 74.7 73.6 74.8 74.5 75.0 73.8 75.0 74.6 73.6 73.5 74.7 75.0 
76.2 77.7 77.5 77.4 76.9 75.8 75.6 74.5 74.7 73.6 74.8 74.5 75.0 73.8 75.0 74.6 73.6 73.5 74.7 75.0 75.0 
77.7 77.5 77.4 76.9 75.8 75.6 74.5 74.7 73.6 74.8 74.5 75.0 73.8 75.0 74.6 73.6 73.5 74.7 75.0 75.0 74.8 
77.5 77.4 76.9 75.8 75.6 74.5 74.7 73.6 74.8 74.5 75.0 73.8 75.0 74.6 73.6 73.5 74.7 75.0 75.0 74.8 74.3 
77.4 76.9 75.8 75.6 74.5 74.7 73.6 74.8 74.5 75.0 73.8 75.0 74.6 73.6 73.5 74.7 75.0 75.0 74.8 74.3 73.7 
76.9 75.8 75.6 74.5 74.7 73.6 74.8 74.5 75.0 73.8 75.0 74.6 73.6 73.5 74.7 75.0 75.0 74.8 74.3 73.7 73.6 
75.8 75.6 74.5 74.7 73.6 74.8 74.5 75.0 73.8 75.0 74.6 73.6 73.5 74.7 75.0 75.0 74.8 74.3 73.7 73.6 72.6 
75.6 74.5 74.7 73.6 74.8 74.5 75.0 73.8 75.0 74.6 73.6 73.5 74.7 75.0 75.0 74.8 74.3 73.7 73.6 72.6 72.3 
74.5 74.7 73.6 74.8 74.5 75.0 73.8 75.0 74.6 73.6 73.5 74.7 75.0 75.0 74.8 74.3 73.7 73.6 72.6 72.3 71.9 
74.7 73.6 74.8 74.5 75.0 73.8 75.0 74.6 73.6 73.5 74.7 75.0 75.0 74.8 74.3 73.7 73.6 72.6 72.3 71.9 71.0 
73.6 74.8 74.5 75.0 73.8 75.0 74.6 73.6 73.5 74.7 75.0 75.0 74.8 74.3 73.7 73.6 72.6 72.3 71.9 71.0 71.4 
74.8 74.5 75.0 73.8 75.0 74.6 73.6 73.5 74.7 75.0 75.0 74.8 74.3 73.7 73.6 72.6 72.3 71.9 71.0 71.4 72.6 
74.5 75.0 73.8 75.0 74.6 73.6 73.5 74.7 75.0 75.0 74.8 74.3 73.7 73.6 72.6 72.3 71.9 71.0 71.4 72.6 71.3 
75.0 73.8 75.0 74.6 73.6 73.5 74.7 75.0 75.0 74.8 74.3 73.7 73.6 72.6 72.3 71.9 71.0 71.4 72.6 71.3 72.4 
73.8 75.0 74.6 73.6 73.5 74.7 75.0 75.0 74.8 74.3 73.7 73.6 72.6 72.3 71.9 71.0 71.4 72.6 71.3 72.4 72.3 
75.0 74.6 73.6 73.5 74.7 75.0 75.0 74.8 74.3 73.7 73.6 72.6 72.3 71.9 71.0 71.4 72.6 71.3 72.4 72.3 72.1 
74.6 73.6 73.5 74.7 75.0 75.0 74.8 74.3 73.7 73.6 72.6 72.3 71.9 71.0 71.4 72.6 71.3 72.4 72.3 72.1 71.3 
73.6 73.5 74.7 75.0 75.0 74.8 74.3 73.7 73.6 72.6 72.3 71.9 71.0 71.4 72.6 71.3 72.4 72.3 72.1 71.3 70.9 
73.5 74.7 75.0 75.0 74.8 74.3 73.7 73.6 72.6 72.3 71.9 71.0 71.4 72.6 71.3 72.4 72.3 72.1 71.3 70.9 71.5 
74.7 75.0 75.0 74.8 74.3 73.7 73.6 72.6 72.3 71.9 71.0 71.4 72.6 71.3 72.4 72.3 72.1 71.3 70.9 71.5 71.8 
75.0 75.0 74.8 74.3 73.7 73.6 72.6 72.3 71.9 71.0 71.4 72.6 71.3 72.4 72.3 72.1 71.3 70.9 71.5 71.8 71.2 
75.0 74.8 74.3 73.7 73.6 72.6 72.3 71.9 71.0 71.4 72.6 71.3 72.4 72.3 72.1 71.3 70.9 71.5 71.8 71.2 71.6 
74.8 74.3 73.7 73.6 72.6 72.3 71.9 71.0 71.4 72.6 71.3 72.4 72.3 72.1 71.3 70.9 71.5 71.8 71.2 71.6 71.0 
74.3 73.7 73.6 72.6 72.3 71.9 71.0 71.4 72.6 71.3 72.4 72.3 72.1 71.3 70.9 71.5 71.8 71.2 71.6 71.0 71.5 
73.7 73.6 72.6 72.3 71.9 71.0 71.4 72.6 71.3 72.4 72.3 72.1 71.3 70.9 71.5 71.8 71.2 71.6 71.0 71.5 73.3 
73.6 72.6 72.3 71.9 71.0 71.4 72.6 71.3 72.4 72.3 72.1 71.3 70.9 71.5 71.8 71.2 71.6 71.0 71.5 73.3 72.7 
72.6 72.3 71.9 71.0 71.4 72.6 71.3 72.4 72.3 72.1 71.3 70.9 71.5 71.8 71.2 71.6 71.0 71.5 73.3 72.7 73.2 
72.3 71.9 71.0 71.4 72.6 71.3 72.4 72.3 72.1 71.3 70.9 71.5 71.8 71.2 71.6 71.0 71.5 73.3 72.7 73.2 73.9 
71.9 71.0 71.4 72.6 71.3 72.4 72.3 72.1 71.3 70.9 71.5 71.8 71.2 71.6 71.0 71.5 73.3 72.7 73.2 73.9 73.4 
71.0 71.4 72.6 71.3 72.4 72.3 72.1 71.3 70.9 71.5 71.8 71.2 71.6 71.0 71.5 73.3 72.7 73.2 73.9 73.4 72.3 
71.4 72.6 71.3 72.4 72.3 72.1 71.3 70.9 71.5 71.8 71.2 71.6 71.0 71.5 73.3 72.7 73.2 73.9 73.4 72.3 71.9 
72.6 71.3 72.4 72.3 72.1 71.3 70.9 71.5 71.8 71.2 71.6 71.0 71.5 73.3 72.7 73.2 73.9 73.4 72.3 71.9 71.3 
71.3 72.4 72.3 72.1 71.3 70.9 71.5 71.8 71.2 71.6 71.0 71.5 73.3 72.7 73.2 73.9 73.4 72.3 71.9 71.3 71.2 
72.4 72.3 72.1 71.3 70.9 71.5 71.8 71.2 71.6 71.0 71.5 73.3 72.7 73.2 73.9 73.4 72.3 71.9 71.3 71.2 71.2 
72.3 72.1 71.3 70.9 71.5 71.8 71.2 71.6 71.0 71.5 73.3 72.7 73.2 73.9 73.4 72.3 71.9 71.3 71.2 71.2 71.5 
72.1 71.3 70.9 71.5 71.8 71.2 71.6 71.0 71.5 73.3 72.7 73.2 73.9 73.4 72.3 71.9 71.3 71.2 71.2 71.5 71.5 
71.3 70.9 71.5 71.8 71.2 71.6 71.0 71.5 73.3 72.7 73.2 73.9 73.4 72.3 71.9 71.3 71.2 71.2 71.5 71.5 71.1 
70.9 71.5 71.8 71.2 71.6 71.0 71.5 73.3 72.7 73.2 73.9 73.4 72.3 71.9 71.3 71.2 71.2 71.5 71.5 71.1 71.1 
71.5 71.8 71.2 71.6 71.0 71.5 73.3 72.7 73.2 73.9 73.4 72.3 71.9 71.3 71.2 71.2 71.5 71.5 71.1 71.1 70.9 
71.8 71.2 71.6 71.0 71.5 73.3 72.7 73.2 73.9 73.4 72.3 71.9 71.3 71.2 71.2 71.5 71.5 71.1 71.1 70.9 70.8 
71.2 71.6 71.0 71.5 73.3 72.7 73.2 73.9 73.4 72.3 71.9 71.3 71.2 71.2 71.5 71.5 71.1 71.1 70.9 70.8 70.8 
71.6 71.0 71.5 73.3 72.7 73.2 73.9 73.4 72.3 71.9 71.3 71.2 71.2 71.5 71.5 71.1 71.1 70.9 70.8 70.8 70.2 
71.0 71.5 73.3 72.7 73.2 73.9 73.4 72.3 71.9 71.3 71.2 71.2 71.5 71.5 71.1 71.1 70.9 70.8 70.8 70.2 69.9 
71.5 73.3 72.7 73.2 73.9 73.4 72.3 71.9 71.3 71.2 71.2 71.5 71.5 71.1 71.1 70.9 70.8 70.8 70.2 69.9 69.7 
73.3 72.7 73.2 73.9 73.4 72.3 71.9 71.3 71.2 71.2 71.5 71.5 71.1 71.1 70.9 70.8 70.8 70.2 69.9 69.7 69.9 
72.7 73.2 73.9 73.4 72.3 71.9 71.3 71.2 71.2 71.5 71.5 71.1 71.1 70.9 70.8 70.8 70.2 69.9 69.7 69.9 69.8 
73.2 73.9 73.4 72.3 71.9 71.3 71.2 71.2 71.5 71.5 71.1 71.1 70.9 70.8 70.8 70.2 69.9 69.7 69.9 69.8 70.0 
73.9 73.4 72.3 71.9 71.3 71.2 71.2 71.5 71.5 71.1 71.1 70.9 70.8 70.8 70.2 69.9 69.7 69.9 69.8 70.0 69.9 
73.4 72.3 71.9 71.3 71.2 71.2 71.5 71.5 71.1 71.1 70.9 70.8 70.8 70.2 69.9 69.7 69.9 69.8 70.0 69.9 71.0 
72.3 71.9 71.3 71.2 71.2 71.5 71.5 71.1 71.1 70.9 70.8 70.8 70.2 69.9 69.7 69.9 69.8 70.0 69.9 71.0 70.1 
71.9 71.3 71.2 71.2 71.5 71.5 71.1 71.1 70.9 70.8 70.8 70.2 69.9 69.7 69.9 69.8 70.0 69.9 71.0 70.1 69.6 
71.3 71.2 71.2 71.5 71.5 71.1 71.1 70.9 70.8 70.8 70.2 69.9 69.7 69.9 69.8 70.0 69.9 71.0 70.1 69.6 69.2 
71.2 71.2 71.5 71.5 71.1 71.1 70.9 70.8 70.8 70.2 69.9 69.7 69.9 69.8 70.0 69.9 71.0 70.1 69.6 69.2 67.6 
71.2 71.5 71.5 71.1 71.1 70.9 70.8 70.8 70.2 69.9 69.7 69.9 69.8 70.0 69.9 71.0 70.1 69.6 69.2 67.6 67.2 
71.5 71.5 71.1 71.1 70.9 70.8 70.8 70.2 69.9 69.7 69.9 69.8 70.0 69.9 71.0 70.1 69.6 69.2 67.6 67.2 67.0 
71.5 71.1 71.1 70.9 70.8 70.8 70.2 69.9 69.7 69.9 69.8 70.0 69.9 71.0 70.1 69.6 69.2 67.6 67.2 67.0 66.0 
71.1 71.1 70.9 70.8 70.8 70.2 69.9 69.7 69.9 69.8 70.0 69.9 71.0 70.1 69.6 69.2 67.6 67.2 67.0 66.0 66.6 
71.1 70.9 70.8 70.8 70.2 69.9 69.7 69.9 69.8 70.0 69.9 71.0 70.1 69.6 69.2 67.6 67.2 67.0 66.0 66.6 67.2 
70.9 70.8 70.8 70.2 69.9 69.7 69.9 69.8 70.0 69.9 71.0 70.1 69.6 69.2 67.6 67.2 67.0 66.0 66.6 67.2 67.5 
70.8 70.8 70.2 69.9 69.7 69.9 69.8 70.0 69.9 71.0 70.1 69.6 69.2 67.6 67.2 67.0 66.0 66.6 67.2 67.5 66.6 
70.8 70.2 69.9 69.7 69.9 69.8 70.0 69.9 71.0 70.1 69.6 69.2 67.6 67.2 67.0 66.0 66.6 67.2 67.5 66.6 66.3 
70.2 69.9 69.7 69.9 69.8 70.0 69.9 71.0 70.1 69.6 69.2 67.6 67.2 67.0 66.0 66.6 67.2 67.5 66.6 66.3 65.9 
69.9 69.7 69.9 69.8 70.0 69.9 71.0 70.1 69.6 69.2 67.6 67.2 67.0 66.0 66.6 67.2 67.5 66.6 66.3 65.9 66.0 
69.7 69.9 69.8 70.0 69.9 71.0 70.1 69.6 69.2 67.6 67.2 67.0 66.0 66.6 67.2 67.5 66.6 66.3 65.9 66.0 66.0 
69.9 69.8 70.0 69.9 71.0 70.1 69.6 69.2 67.6 67.2 67.0 66.0 66.6 67.2 67.5 66.6 66.3 65.9 66.0 66.0 66.2 
69.8 70.0 69.9 71.0 70.1 69.6 69.2 67.6 67.2 67.0 66.0 66.6 67.2 67.5 66.6 66.3 65.9 66.0 66.0 66.2 66.6 
70.0 69.9 71.0 70.1 69.6 69.2 67.6 67.2 67.0 66.0 66.6 67.2 67.5 66.6 66.3 65.9 66.0 66.0 66.2 66.6 67.5 
69.9 71.0 70.1 69.6 69.2 67.6 67.2 67.0 66.0 66.6 67.2 67.5 66.6 66.3 65.9 66.0 66.0 66.2 66.6 67.5 67.0 
71.0 70.1 69.6 69.2 67.6 67.2 67.0 66.0 66.6 67.2 67.5 66.6 66.3 65.9 66.0 66.0 66.2 66.6 67.5 67.0 66.9 
70.1 69.6 69.2 67.6 67.2 67.0 66.0 66.6 67.2 67.5 66.6 66.3 65.9 66.0 66.0 66.2 66.6 67.5 67.0 66.9 68.3 
69.6 69.2 67.6 67.2 67.0 66.0 66.6 67.2 67.5 66.6 66.3 65.9 66.0 66.0 66.2 66.6 67.5 67.0 66.9 68.3 66.8 
69.2 67.6 67.2 67.0 66.0 66.6 67.2 67.5 66.6 66.3 65.9 66.0 66.0 66.2 66.6 67.5 67.0 66.9 68.3 66.8 66.4 
67.6 67.2 67.0 66.0 66.6 67.2 67.5 66.6 66.3 65.9 66.0 66.0 66.2 66.6 67.5 67.0 66.9 68.3 66.8 66.4 66.5 
67.2 67.0 66.0 66.6 67.2 67.5 66.6 66.3 65.9 66.0 66.0 66.2 66.6 67.5 67.0 66.9 68.3 66.8 66.4 66.5 66.2 
67.0 66.0 66.6 67.2 67.5 66.6 66.3 65.9 66.0 66.0 66.2 66.6 67.5 67.0 66.9 68.3 66.8 66.4 66.5 66.2 66.2 
66.0 66.6 67.2 67.5 66.6 66.3 65.9 66.0 66.0 66.2 66.6 67.5 67.0 66.9 68.3 66.8 66.4 66.5 66.2 66.2 65.0 
66.6 67.2 67.5 66.6 66.3 65.9 66.0 66.0 66.2 66.6 67.5 67.0 66.9 68.3 66.8 66.4 66.5 66.2 66.2 65.0 64.9 
67.2 67.5 66.6 66.3 65.9 66.0 66.0 66.2 66.6 67.5 67.0 66.9 68.3 66.8 66.4 66.5 66.2 66.2 65.0 64.9 63.7 
67.5 66.6 66.3 65.9 66.0 66.0 66.2 66.6 67.5 67.0 66.9 68.3 66.8 66.4 66.5 66.2 66.2 65.0 64.9 63.7 64.2 
66.6 66.3 65.9 66.0 66.0 66.2 66.6 67.5 67.0 66.9 68.3 66.8 66.4 66.5 66.2 66.2 65.0 64.9 63.7 64.2 64.3 
66.3 65.9 66.0 66.0 66.2 66.6 67.5 67.0 66.9 68.3 66.8 66.4 66.5 66.2 66.2 65.0 64.9 63.7 64.2 64.3 64.4 
65.9 66.0 66.0 66.2 66.6 67.5 67.0 66.9 68.3 66.8 66.4 66.5 66.2 66.2 65.0 64.9 63.7 64.2 64.3 64.4 63.6 
66.0 66.0 66.2 66.6 67.5 67.0 66.9 68.3 66.8 66.4 66.5 66.2 66.2 65.0 64.9 63.7 64.2 64.3 64.4 63.6 64.0 
66.0 66.2 66.6 67.5 67.0 66.9 68.3 66.8 66.4 66.5 66.2 66.2 65.0 64.9 63.7 64.2 64.3 64.4 63.6 64.0 64.0 
66.2 66.6 67.5 67.0 66.9 68.3 66.8 66.4 66.5 66.2 66.2 65.0 64.9 63.7 64.2 64.3 64.4 63.6 64.0 64.0 63.2 
66.6 67.5 67.0 66.9 68.3 66.8 66.4 66.5 66.2 66.2 65.0 64.9 63.7 64.2 64.3 64.4 63.6 64.0 64.0 63.2 61.1 
67.5 67.0 66.9 68.3 66.8 66.4 66.5 66.2 66.2 65.0 64.9 63.7 64.2 64.3 64.4 63.6 64.0 64.0 63.2 61.1 61.6 
67.0 66.9 68.3 66.8 66.4 66.5 66.2 66.2 65.0 64.9 63.7 64.2 64.3 64.4 63.6 64.0 64.0 63.2 61.1 61.6 60.3 
66.9 68.3 66.8 66.4 66.5 66.2 66.2 65.0 64.9 63.7 64.2 64.3 64.4 63.6 64.0 64.0 63.2 61.1 61.6 60.3 61.0 
68.3 66.8 66.4 66.5 66.2 66.2 65.0 64.9 63.7 64.2 64.3 64.4 63.6 64.0 64.0 63.2 61.1 61.6 60.3 61.0 60.0 
66.8 66.4 66.5 66.2 66.2 65.0 64.9 63.7 64.2 64.3 64.4 63.6 64.0 64.0 63.2 61.1 61.6 60.3 61.0 60.0 61.1 
66.4 66.5 66.2 66.2 65.0 64.9 63.7 64.2 64.3 64.4 63.6 64.0 64.0 63.2 61.1 61.6 60.3 61.0 60.0 61.1 61.0 
66.5 66.2 66.2 65.0 64.9 63.7 64.2 64.3 64.4 63.6 64.0 64.0 63.2 61.1 61.6 60.3 61.0 60.0 61.1 61.0 60.1 
66.2 66.2 65.0 64.9 63.7 64.2 64.3 64.4 63.6 64.0 64.0 63.2 61.1 61.6 60.3 61.0 60.0 61.1 61.0 60.1 60.0 
66.2 65.0 64.9 63.7 64.2 64.3 64.4 63.6 64.0 64.0 63.2 61.1 61.6 60.3 61.0 60.0 61.1 61.0 60.1 60.0 58.8 
65.0 64.9 63.7 64.2 64.3 64.4 63.6 64.0 64.0 63.2 61.1 61.6 60.3 61.0 60.0 61.1 61.0 60.1 60.0 58.8 58.8 
64.9 63.7 64.2 64.3 64.4 63.6 64.0 64.0 63.2 61.1 61.6 60.3 61.0 60.0 61.1 61.0 60.1 60.0 58.8 58.8 57.9 
63.7 64.2 64.3 64.4 63.6 64.0 64.0 63.2 61.1 61.6 60.3 61.0 60.0 61.1 61.0 60.1 60.0 58.8 58.8 57.9 58.0 
64.2 64.3 64.4 63.6 64.0 64.0 63.2 61.1 61.6 60.3 61.0 60.0 61.1 61.0 60.1 60.0 58.8 58.8 57.9 58.0 56.4 
64.3 64.4 63.6 64.0 64.0 63.2 61.1 61.6 60.3 61.0 60.0 61.1 61.0 60.1 60.0 58.8 58.8 57.9 58.0 56.4 56.3 
64.4 63.6 64.0 64.0 63.2 61.1 61.6 60.3 61.0 60.0 61.1 61.0 60.1 60.0 58.8 58.8 57.9 58.0 56.4 56.3 56.2 
63.6 64.0 64.0 63.2 61.1 61.6 60.3 61.0 60.0 61.1 61.0 60.1 60.0 58.8 58.8 57.9 58.0 56.4 56.3 56.2 56.1 
64.0 64.0 63.2 61.1 61.6 60.3 61.0 60.0 61.1 61.0 60.1 60.0 58.8 58.8 57.9 58.0 56.4 56.3 56.2 56.1 55.6 
64.0 63.2 61.1 61.6 60.3 61.0 60.0 61.1 61.0 60.1 60.0 58.8 58.8 57.9 58.0 56.4 56.3 56.2 56.1 55.6 55.5 
63.2 61.1 61.6 60.3 61.0 60.0 61.1 61.0 60.1 60.0 58.8 58.8 57.9 58.0 56.4 56.3 56.2 56.1 55.6 55.5 54.1 
61.1 61.6 60.3 61.0 60.0 61.1 61.0 60.1 60.0 58.8 58.8 57.9 58.0 56.4 56.3 56.2 56.1 55.6 55.5 54.1 53.5 
61.6 60.3 61.0 60.0 61.1 61.0 60.1 60.0 58.8 58.8 57.9 58.0 56.4 56.3 56.2 56.1 55.6 55.5 54.1 53.5 52.7 
60.3 61.0 60.0 61.1 61.0 60.1 60.0 58.8 58.8 57.9 58.0 56.4 56.3 56.2 56.1 55.6 55.5 54.1 53.5 52.7 50.1 
61.0 60.0 61.1 61.0 60.1 60.0 58.8 58.8 57.9 58.0 56.4 56.3 56.2 56.1 55.6 55.5 54.1 53.5 52.7 50.1 51.5 
60.0 61.1 61.0 60.1 60.0 58.8 58.8 57.9 58.0 56.4 56.3 56.2 56.1 55.6 55.5 54.1 53.5 52.7 50.1 51.5 51.8 
61.1 61.0 60.1 60.0 58.8 58.8 57.9 58.0 56.4 56.3 56.2 56.1 55.6 55.5 54.1 53.5 52.7 50.1 51.5 51.8 52.0 
61.0 60.1 60.0 58.8 58.8 57.9 58.0 56.4 56.3 56.2 56.1 55.6 55.5 54.1 53.5 52.7 50.1 51.5 51.8 52.0 53.3 
60.1 60.0 58.8 58.8 57.9 58.0 56.4 56.3 56.2 56.1 55.6 55.5 54.1 53.5 52.7 50.1 51.5 51.8 52.0 53.3 52.2 
60.0 58.8 58.8 57.9 58.0 56.4 56.3 56.2 56.1 55.6 55.5 54.1 53.5 52.7 50.1 51.5 51.8 52.0 53.3 52.2 51.7 
58.8 58.8 57.9 58.0 56.4 56.3 56.2 56.1 55.6 55.5 54.1 53.5 52.7 50.1 51.5 51.8 52.0 53.3 52.2 51.7 51.7 
58.8 57.9 58.0 56.4 56.3 56.2 56.1 55.6 55.5 54.1 53.5 52.7 50.1 51.5 51.8 52.0 53.3 52.2 51.7 51.7 52.3 
57.9 58.0 56.4 56.3 56.2 56.1 55.6 55.5 54.1 53.5 52.7 50.1 51.5 51.8 52.0 53.3 52.2 51.7 51.7 52.3 51.5 
58.0 56.4 56.3 56.2 56.1 55.6 55.5 54.1 53.5 52.7 50.1 51.5 51.8 52.0 53.3 52.2 51.7 51.7 52.3 51.5 51.7 
56.4 56.3 56.2 56.1 55.6 55.5 54.1 53.5 52.7 50.1 51.5 51.8 52.0 53.3 52.2 51.7 51.7 52.3 51.5 51.7 51.5 
56.3 56.2 56.1 55.6 55.5 54.1 53.5 52.7 50.1 51.5 51.8 52.0 53.3 52.2 51.7 51.7 52.3 51.5 51.7 51.5 54.2 
56.2 56.1 55.6 55.5 54.1 53.5 52.7 50.1 51.5 51.8 52.0 53.3 52.2 51.7 51.7 52.3 51.5 51.7 51.5 54.2 56.9 
56.1 55.6 55.5 54.1 53.5 52.7 50.1 51.5 51.8 52.0 53.3 52.2 51.7 51.7 52.3 51.5 51.7 51.5 54.2 56.9 56.0 
55.6 55.5 54.1 53.5 52.7 50.1 51.5 51.8 52.0 53.3 52.2 51.7 51.7 52.3 51.5 51.7 51.5 54.2 56.9 56.0 55.7 
55.5 54.1 53.5 52.7 50.1 51.5 51.8 52.0 53.3 52.2 51.7 51.7 52.3 51.5 51.7 51.5 54.2 56.9 56.0 55.7 55.7 
54.1 53.5 52.7 50.1 51.5 51.8 52.0 53.3 52.2 51.7 51.7 52.3 51.5 51.7 51.5 54.2 56.9 56.0 55.7 55.7 56.6 
53.5 52.7 50.1 51.5 51.8 52.0 53.3 52.2 51.7 51.7 52.3 51.5 51.7 51.5 54.2 56.9 56.0 55.7 55.7 56.6 55.8 
52.7 50.1 51.5 51.8 52.0 53.3 52.2 51.7 51.7 52.3 51.5 51.7 51.5 54.2 56.9 56.0 55.7 55.7 56.6 55.8 55.6 
50.1 51.5 51.8 52.0 53.3 52.2 51.7 51.7 52.3 51.5 51.7 51.5 54.2 56.9 56.0 55.7 55.7 56.6 55.8 55.6 55.9 
51.5 51.8 52.0 53.3 52.2 51.7 51.7 52.3 51.5 51.7 51.5 54.2 56.9 56.0 55.7 55.7 56.6 55.8 55.6 55.9 55.9 
51.8 52.0 53.3 52.2 51.7 51.7 52.3 51.5 51.7 51.5 54.2 56.9 56.0 55.7 55.7 56.6 55.8 55.6 55.9 55.9 55.6 
52.0 53.3 52.2 51.7 51.7 52.3 51.5 51.7 51.5 54.2 56.9 56.0 55.7 55.7 56.6 55.8 55.6 55.9 55.9 55.6 54.0 
53.3 52.2 51.7 51.7 52.3 51.5 51.7 51.5 54.2 56.9 56.0 55.7 55.7 56.6 55.8 55.6 55.9 55.9 55.6 54.0 53.9 
52.2 51.7 51.7 52.3 51.5 51.7 51.5 54.2 56.9 56.0 55.7 55.7 56.6 55.8 55.6 55.9 55.9 55.6 54.0 53.9 54.0 
51.7 51.7 52.3 51.5 51.7 51.5 54.2 56.9 56.0 55.7 55.7 56.6 55.8 55.6 55.9 55.9 55.6 54.0 53.9 54.0 54.8 
51.7 52.3 51.5 51.7 51.5 54.2 56.9 56.0 55.7 55.7 56.6 55.8 55.6 55.9 55.9 55.6 54.0 53.9 54.0 54.8 56.0 
52.3 51.5 51.7 51.5 54.2 56.9 56.0 55.7 55.7 56.6 55.8 55.6 55.9 55.9 55.6 54.0 53.9 54.0 54.8 56.0 56.9 
51.5 51.7 51.5 54.2 56.9 56.0 55.7 55.7 56.6 55.8 55.6 55.9 55.9 55.6 54.0 53.9 54.0 54.8 56.0 56.9 58.4 
51.7 51.5 54.2 56.9 56.0 55.7 55.7 56.6 55.8 55.6 55.9 55.9 55.6 54.0 53.9 54.0 54.8 56.0 56.9 58.4 60.7 
51.5 54.2 56.9 56.0 55.7 55.7 56.6 55.8 55.6 55.9 55.9 55.6 54.0 53.9 54.0 54.8 56.0 56.9 58.4 60.7 61.4 
54.2 56.9 56.0 55.7 55.7 56.6 55.8 55.6 55.9 55.9 55.6 54.0 53.9 54.0 54.8 56.0 56.9 58.4 60.7 61.4 62.4 
56.9 56.0 55.7 55.7 56.6 55.8 55.6 55.9 55.9 55.6 54.0 53.9 54.0 54.8 56.0 56.9 58.4 60.7 61.4 62.4 62.0 
56.0 55.7 55.7 56.6 55.8 55.6 55.9 55.9 55.6 54.0 53.9 54.0 54.8 56.0 56.9 58.4 60.7 61.4 62.4 62.0 60.5 
55.7 55.7 56.6 55.8 55.6 55.9 55.9 55.6 54.0 53.9 54.0 54.8 56.0 56.9 58.4 60.7 61.4 62.4 62.0 60.5 60.6 
55.7 56.6 55.8 55.6 55.9 55.9 55.6 54.0 53.9 54.0 54.8 56.0 56.9 58.4 60.7 61.4 62.4 62.0 60.5 60.6 58.6 
56.6 55.8 55.6 55.9 55.9 55.6 54.0 53.9 54.0 54.8 56.0 56.9 58.4 60.7 61.4 62.4 62.0 60.5 60.6 58.6 60.1 
55.8 55.6 55.9 55.9 55.6 54.0 53.9 54.0 54.8 56.0 56.9 58.4 60.7 61.4 62.4 62.0 60.5 60.6 58.6 60.1 59.6 
55.6 55.9 55.9 55.6 54.0 53.9 54.0 54.8 56.0 56.9 58.4 60.7 61.4 62.4 62.0 60.5 60.6 58.6 60.1 59.6 59.7 
55.9 55.9 55.6 54.0 53.9 54.0 54.8 56.0 56.9 58.4 60.7 61.4 62.4 62.0 60.5 60.6 58.6 60.1 59.6 59.7 59.7 
55.9 55.6 54.0 53.9 54.0 54.8 56.0 56.9 58.4 60.7 61.4 62.4 62.0 60.5 60.6 58.6 60.1 59.6 59.7 59.7 60.1 
55.6 54.0 53.9 54.0 54.8 56.0 56.9 58.4 60.7 61.4 62.4 62.0 60.5 60.6 58.6 60.1 59.6 59.7 59.7 60.1 59.9 
54.0 53.9 54.0 54.8 56.0 56.9 58.4 60.7 61.4 62.4 62.0 60.5 60.6 58.6 60.1 59.6 59.7 59.7 60.1 59.9 60.2 
53.9 54.0 54.8 56.0 56.9 58.4 60.7 61.4 62.4 62.0 60.5 60.6 58.6 60.1 59.6 59.7 59.7 60.1 59.9 60.2 59.8 
54.0 54.8 56.0 56.9 58.4 60.7 61.4 62.4 62.0 60.5 60.6 58.6 60.1 59.6 59.7 59.7 60.1 59.9 60.2 59.8 59.1 
54.8 56.0 56.9 58.4 60.7 61.4 62.4 62.0 60.5 60.6 58.6 60.1 59.6 59.7 59.7 60.1 59.9 60.2 59.8 59.1 58.9 
56.0 56.9 58.4 60.7 61.4 62.4 62.0 60.5 60.6 58.6 60.1 59.6 59.7 59.7 60.1 59.9 60.2 59.8 59.1 58.9 60.0 
56.9 58.4 60.7 61.4 62.4 62.0 60.5 60.6 58.6 60.1 59.6 59.7 59.7 60.1 59.9 60.2 59.8 59.1 58.9 60.0 60.8 
58.4 60.7 61.4 62.4 62.0 60.5 60.6 58.6 60.1 59.6 59.7 59.7 60.1 59.9 60.2 59.8 59.1 58.9 60.0 60.8 61.9 
60.7 61.4 62.4 62.0 60.5 60.6 58.6 60.1 59.6 59.7 59.7 60.1 59.9 60.2 59.8 59.1 58.9 60.0 60.8 61.9 61.5 
61.4 62.4 62.0 60.5 60.6 58.6 60.1 59.6 59.7 59.7 60.1 59.9 60.2 59.8 59.1 58.9 60.0 60.8 61.9 61.5 60.0 
62.4 62.0 60.5 60.6 58.6 60.1 59.6 59.7 59.7 60.1 59.9 60.2 59.8 59.1 58.9 60.0 60.8 61.9 61.5 60.0 59.7 
62.0 60.5 60.6 58.6 60.1 59.6 59.7 59.7 60.1 59.9 60.2 59.8 59.1 58.9 60.0 60.8 61.9 61.5 60.0 59.7 60.1 
60.5 60.6 58.6 60.1 59.6 59.7 59.7 60.1 59.9 60.2 59.8 59.1 58.9 60.0 60.8 61.9 61.5 60.0 59.7 60.1 57.9 
60.6 58.6 60.1 59.6 59.7 59.7 60.1 59.9 60.2 59.8 59.1 58.9 60.0 60.8 61.9 61.5 60.0 59.7 60.1 57.9 57.7 
58.6 60.1 59.6 59.7 59.7 60.1 59.9 60.2 59.8 59.1 58.9 60.0 60.8 61.9 61.5 60.0 59.7 60.1 57.9 57.7 56.4 
60.1 59.6 59.7 59.7 60.1 59.9 60.2 59.8 59.1 58.9 60.0 60.8 61.9 61.5 60.0 59.7 60.1 57.9 57.7 56.4 57.0 
59.6 59.7 59.7 60.1 59.9 60.2 59.8 59.1 58.9 60.0 60.8 61.9 61.5 60.0 59.7 60.1 57.9 57.7 56.4 57.0 57.7 
59.7 59.7 60.1 59.9 60.2 59.8 59.1 58.9 60.0 60.8 61.9 61.5 60.0 59.7 60.1 57.9 57.7 56.4 57.0 57.7 56.1 
59.7 60.1 59.9 60.2 59.8 59.1 58.9 60.0 60.8 61.9 61.5 60.0 59.7 60.1 57.9 57.7 56.4 57.0 57.7 56.1 57.0 
60.1 59.9 60.2 59.8 59.1 58.9 60.0 60.8 61.9 61.5 60.0 59.7 60.1 57.9 57.7 56.4 57.0 57.7 56.1 57.0 56.0 
59.9 60.2 59.8 59.1 58.9 60.0 60.8 61.9 61.5 60.0 59.7 60.1 57.9 57.7 56.4 57.0 57.7 56.1 57.0 56.0 56.4 
60.2 59.8 59.1 58.9 60.0 60.8 61.9 61.5 60.0 59.7 60.1 57.9 57.7 56.4 57.0 57.7 56.1 57.0 56.0 56.4 56.0 
59.8 59.1 58.9 60.0 60.8 61.9 61.5 60.0 59.7 60.1 57.9 57.7 56.4 57.0 57.7 56.1 57.0 56.0 56.4 56.0 55.3 
59.1 58.9 60.0 60.8 61.9 61.5 60.0 59.7 60.1 57.9 57.7 56.4 57.0 57.7 56.1 57.0 56.0 56.4 56.0 55.3 55.7 
58.9 60.0 60.8 61.9 61.5 60.0 59.7 60.1 57.9 57.7 56.4 57.0 57.7 56.1 57.0 56.0 56.4 56.0 55.3 55.7 55.0 
