59.8 60.8 60.5 60.7 60.4 61.0 60.7 61.0 60.8 60.5 60.5 59.3 60.6 59.6 59.5 59.2 59.0 59.4 59.6 60.0 60.3 
60.8 60.5 60.7 60.4 61.0 60.7 61.0 60.8 60.5 60.5 59.3 60.6 59.6 59.5 59.2 59.0 59.4 59.6 60.0 60.3 60.8 
60.5 60.7 60.4 61.0 60.7 61.0 60.8 60.5 60.5 59.3 60.6 59.6 59.5 59.2 59.0 59.4 59.6 60.0 60.3 60.8 61.4 
60.7 60.4 61.0 60.7 61.0 60.8 60.5 60.5 59.3 60.6 59.6 59.5 59.2 59.0 59.4 59.6 60.0 60.3 60.8 61.4 61.7 
60.4 61.0 60.7 61.0 60.8 60.5 60.5 59.3 60.6 59.6 59.5 59.2 59.0 59.4 59.6 60.0 60.3 60.8 61.4 61.7 61.7 
61.0 60.7 61.0 60.8 60.5 60.5 59.3 60.6 59.6 59.5 59.2 59.0 59.4 59.6 60.0 60.3 60.8 61.4 61.7 61.7 62.6 
60.7 61.0 60.8 60.5 60.5 59.3 60.6 59.6 59.5 59.2 59.0 59.4 59.6 60.0 60.3 60.8 61.4 61.7 61.7 62.6 63.2 
61.0 60.8 60.5 60.5 59.3 60.6 59.6 59.5 59.2 59.0 59.4 59.6 60.0 60.3 60.8 61.4 61.7 61.7 62.6 63.2 62.3 
60.8 60.5 60.5 59.3 60.6 59.6 59.5 59.2 59.0 59.4 59.6 60.0 60.3 60.8 61.4 61.7 61.7 62.6 63.2 62.3 63.8 
60.5 60.5 59.3 60.6 59.6 59.5 59.2 59.0 59.4 59.6 60.0 60.3 60.8 61.4 61.7 61.7 62.6 63.2 62.3 63.8 63.8 
60.5 59.3 60.6 59.6 59.5 59.2 59.0 59.4 59.6 60.0 60.3 60.8 61.4 61.7 61.7 62.6 63.2 62.3 63.8 63.8 63.6 
59.3 60.6 59.6 59.5 59.2 59.0 59.4 59.6 60.0 60.3 60.8 61.4 61.7 61.7 62.6 63.2 62.3 63.8 63.8 63.6 63.0 
60.6 59.6 59.5 59.2 59.0 59.4 59.6 60.0 60.3 60.8 61.4 61.7 61.7 62.6 63.2 62.3 63.8 63.8 63.6 63.0 63.3 
59.6 59.5 59.2 59.0 59.4 59.6 60.0 60.3 60.8 61.4 61.7 61.7 62.6 63.2 62.3 63.8 63.8 63.6 63.0 63.3 62.4 
59.5 59.2 59.0 59.4 59.6 60.0 60.3 60.8 61.4 61.7 61.7 62.6 63.2 62.3 63.8 63.8 63.6 63.0 63.3 62.4 62.5 
59.2 59.0 59.4 59.6 60.0 60.3 60.8 61.4 61.7 61.7 62.6 63.2 62.3 63.8 63.8 63.6 63.0 63.3 62.4 62.5 61.8 
59.0 59.4 59.6 60.0 60.3 60.8 61.4 61.7 61.7 62.6 63.2 62.3 63.8 63.8 63.6 63.0 63.3 62.4 62.5 61.8 62.4 
59.4 59.6 60.0 60.3 60.8 61.4 61.7 61.7 62.6 63.2 62.3 63.8 63.8 63.6 63.0 63.3 62.4 62.5 61.8 62.4 62.2 
59.6 60.0 60.3 60.8 61.4 61.7 61.7 62.6 63.2 62.3 63.8 63.8 63.6 63.0 63.3 62.4 62.5 61.8 62.4 62.2 61.5 
60.0 60.3 60.8 61.4 61.7 61.7 62.6 63.2 62.3 63.8 63.8 63.6 63.0 63.3 62.4 62.5 61.8 62.4 62.2 61.5 62.1 
60.3 60.8 61.4 61.7 61.7 62.6 63.2 62.3 63.8 63.8 63.6 63.0 63.3 62.4 62.5 61.8 62.4 62.2 61.5 62.1 62.3 
60.8 61.4 61.7 61.7 62.6 63.2 62.3 63.8 63.8 63.6 63.0 63.3 62.4 62.5 61.8 62.4 62.2 61.5 62.1 62.3 63.7 
61.4 61.7 61.7 62.6 63.2 62.3 63.8 63.8 63.6 63.0 63.3 62.4 62.5 61.8 62.4 62.2 61.5 62.1 62.3 63.7 62.8 
61.7 61.7 62.6 63.2 62.3 63.8 63.8 63.6 63.0 63.3 62.4 62.5 61.8 62.4 62.2 61.5 62.1 62.3 63.7 62.8 63.6 
61.7 62.6 63.2 62.3 63.8 63.8 63.6 63.0 63.3 62.4 62.5 61.8 62.4 62.2 61.5 62.1 62.3 63.7 62.8 63.6 64.4 
62.6 63.2 62.3 63.8 63.8 63.6 63.0 63.3 62.4 62.5 61.8 62.4 62.2 61.5 62.1 62.3 63.7 62.8 63.6 64.4 64.7 
63.2 62.3 63.8 63.8 63.6 63.0 63.3 62.4 62.5 61.8 62.4 62.2 61.5 62.1 62.3 63.7 62.8 63.6 64.4 64.7 65.9 
62.3 63.8 63.8 63.6 63.0 63.3 62.4 62.5 61.8 62.4 62.2 61.5 62.1 62.3 63.7 62.8 63.6 64.4 64.7 65.9 66.9 
63.8 63.8 63.6 63.0 63.3 62.4 62.5 61.8 62.4 62.2 61.5 62.1 62.3 63.7 62.8 63.6 64.4 64.7 65.9 66.9 66.1 
63.8 63.6 63.0 63.3 62.4 62.5 61.8 62.4 62.2 61.5 62.1 62.3 63.7 62.8 63.6 64.4 64.7 65.9 66.9 66.1 65.3 
63.6 63.0 63.3 62.4 62.5 61.8 62.4 62.2 61.5 62.1 62.3 63.7 62.8 63.6 64.4 64.7 65.9 66.9 66.1 65.3 65.5 
63.0 63.3 62.4 62.5 61.8 62.4 62.2 61.5 62.1 62.3 63.7 62.8 63.6 64.4 64.7 65.9 66.9 66.1 65.3 65.5 65.8 
63.3 62.4 62.5 61.8 62.4 62.2 61.5 62.1 62.3 63.7 62.8 63.6 64.4 64.7 65.9 66.9 66.1 65.3 65.5 65.8 66.0 
62.4 62.5 61.8 62.4 62.2 61.5 62.1 62.3 63.7 62.8 63.6 64.4 64.7 65.9 66.9 66.1 65.3 65.5 65.8 66.0 66.1 
62.5 61.8 62.4 62.2 61.5 62.1 62.3 63.7 62.8 63.6 64.4 64.7 65.9 66.9 66.1 65.3 65.5 65.8 66.0 66.1 65.9 
61.8 62.4 62.2 61.5 62.1 62.3 63.7 62.8 63.6 64.4 64.7 65.9 66.9 66.1 65.3 65.5 65.8 66.0 66.1 65.9 65.3 
62.4 62.2 61.5 62.1 62.3 63.7 62.8 63.6 64.4 64.7 65.9 66.9 66.1 65.3 65.5 65.8 66.0 66.1 65.9 65.3 64.0 
62.2 61.5 62.1 62.3 63.7 62.8 63.6 64.4 64.7 65.9 66.9 66.1 65.3 65.5 65.8 66.0 66.1 65.9 65.3 64.0 64.8 
61.5 62.1 62.3 63.7 62.8 63.6 64.4 64.7 65.9 66.9 66.1 65.3 65.5 65.8 66.0 66.1 65.9 65.3 64.0 64.8 64.3 
62.1 62.3 63.7 62.8 63.6 64.4 64.7 65.9 66.9 66.1 65.3 65.5 65.8 66.0 66.1 65.9 65.3 64.0 64.8 64.3 64.5 
62.3 63.7 62.8 63.6 64.4 64.7 65.9 66.9 66.1 65.3 65.5 65.8 66.0 66.1 65.9 65.3 64.0 64.8 64.3 64.5 64.6 
63.7 62.8 63.6 64.4 64.7 65.9 66.9 66.1 65.3 65.5 65.8 66.0 66.1 65.9 65.3 64.0 64.8 64.3 64.5 64.6 64.7 
62.8 63.6 64.4 64.7 65.9 66.9 66.1 65.3 65.5 65.8 66.0 66.1 65.9 65.3 64.0 64.8 64.3 64.5 64.6 64.7 64.0 
63.6 64.4 64.7 65.9 66.9 66.1 65.3 65.5 65.8 66.0 66.1 65.9 65.3 64.0 64.8 64.3 64.5 64.6 64.7 64.0 65.0 
64.4 64.7 65.9 66.9 66.1 65.3 65.5 65.8 66.0 66.1 65.9 65.3 64.0 64.8 64.3 64.5 64.6 64.7 64.0 65.0 65.5 
64.7 65.9 66.9 66.1 65.3 65.5 65.8 66.0 66.1 65.9 65.3 64.0 64.8 64.3 64.5 64.6 64.7 64.0 65.0 65.5 65.0 
65.9 66.9 66.1 65.3 65.5 65.8 66.0 66.1 65.9 65.3 64.0 64.8 64.3 64.5 64.6 64.7 64.0 65.0 65.5 65.0 66.0 
66.9 66.1 65.3 65.5 65.8 66.0 66.1 65.9 65.3 64.0 64.8 64.3 64.5 64.6 64.7 64.0 65.0 65.5 65.0 66.0 66.2 
66.1 65.3 65.5 65.8 66.0 66.1 65.9 65.3 64.0 64.8 64.3 64.5 64.6 64.7 64.0 65.0 65.5 65.0 66.0 66.2 66.4 
65.3 65.5 65.8 66.0 66.1 65.9 65.3 64.0 64.8 64.3 64.5 64.6 64.7 64.0 65.0 65.5 65.0 66.0 66.2 66.4 66.4 
65.5 65.8 66.0 66.1 65.9 65.3 64.0 64.8 64.3 64.5 64.6 64.7 64.0 65.0 65.5 65.0 66.0 66.2 66.4 66.4 65.4 
65.8 66.0 66.1 65.9 65.3 64.0 64.8 64.3 64.5 64.6 64.7 64.0 65.0 65.5 65.0 66.0 66.2 66.4 66.4 65.4 64.9 
66.0 66.1 65.9 65.3 64.0 64.8 64.3 64.5 64.6 64.7 64.0 65.0 65.5 65.0 66.0 66.2 66.4 66.4 65.4 64.9 64.5 
66.1 65.9 65.3 64.0 64.8 64.3 64.5 64.6 64.7 64.0 65.0 65.5 65.0 66.0 66.2 66.4 66.4 65.4 64.9 64.5 64.7 
65.9 65.3 64.0 64.8 64.3 64.5 64.6 64.7 64.0 65.0 65.5 65.0 66.0 66.2 66.4 66.4 65.4 64.9 64.5 64.7 64.1 
65.3 64.0 64.8 64.3 64.5 64.6 64.7 64.0 65.0 65.5 65.0 66.0 66.2 66.4 66.4 65.4 64.9 64.5 64.7 64.1 63.5 
64.0 64.8 64.3 64.5 64.6 64.7 64.0 65.0 65.5 65.0 66.0 66.2 66.4 66.4 65.4 64.9 64.5 64.7 64.1 63.5 63.0 
64.8 64.3 64.5 64.6 64.7 64.0 65.0 65.5 65.0 66.0 66.2 66.4 66.4 65.4 64.9 64.5 64.7 64.1 63.5 63.0 62.9 
64.3 64.5 64.6 64.7 64.0 65.0 65.5 65.0 66.0 66.2 66.4 66.4 65.4 64.9 64.5 64.7 64.1 63.5 63.0 62.9 62.7 
64.5 64.6 64.7 64.0 65.0 65.5 65.0 66.0 66.2 66.4 66.4 65.4 64.9 64.5 64.7 64.1 63.5 63.0 62.9 62.7 63.6 
64.6 64.7 64.0 65.0 65.5 65.0 66.0 66.2 66.4 66.4 65.4 64.9 64.5 64.7 64.1 63.5 63.0 62.9 62.7 63.6 63.4 
64.7 64.0 65.0 65.5 65.0 66.0 66.2 66.4 66.4 65.4 64.9 64.5 64.7 64.1 63.5 63.0 62.9 62.7 63.6 63.4 62.5 
64.0 65.0 65.5 65.0 66.0 66.2 66.4 66.4 65.4 64.9 64.5 64.7 64.1 63.5 63.0 62.9 62.7 63.6 63.4 62.5 62.9 
65.0 65.5 65.0 66.0 66.2 66.4 66.4 65.4 64.9 64.5 64.7 64.1 63.5 63.0 62.9 62.7 63.6 63.4 62.5 62.9 62.4 
65.5 65.0 66.0 66.2 66.4 66.4 65.4 64.9 64.5 64.7 64.1 63.5 63.0 62.9 62.7 63.6 63.4 62.5 62.9 62.4 63.0 
65.0 66.0 66.2 66.4 66.4 65.4 64.9 64.5 64.7 64.1 63.5 63.0 62.9 62.7 63.6 63.4 62.5 62.9 62.4 63.0 62.7 
66.0 66.2 66.4 66.4 65.4 64.9 64.5 64.7 64.1 63.5 63.0 62.9 62.7 63.6 63.4 62.5 62.9 62.4 63.0 62.7 62.5 
66.2 66.4 66.4 65.4 64.9 64.5 64.7 64.1 63.5 63.0 62.9 62.7 63.6 63.4 62.5 62.9 62.4 63.0 62.7 62.5 62.1 
66.4 66.4 65.4 64.9 64.5 64.7 64.1 63.5 63.0 62.9 62.7 63.6 63.4 62.5 62.9 62.4 63.0 62.7 62.5 62.1 61.9 
66.4 65.4 64.9 64.5 64.7 64.1 63.5 63.0 62.9 62.7 63.6 63.4 62.5 62.9 62.4 63.0 62.7 62.5 62.1 61.9 61.1 
65.4 64.9 64.5 64.7 64.1 63.5 63.0 62.9 62.7 63.6 63.4 62.5 62.9 62.4 63.0 62.7 62.5 62.1 61.9 61.1 60.7 
64.9 64.5 64.7 64.1 63.5 63.0 62.9 62.7 63.6 63.4 62.5 62.9 62.4 63.0 62.7 62.5 62.1 61.9 61.1 60.7 60.8 
64.5 64.7 64.1 63.5 63.0 62.9 62.7 63.6 63.4 62.5 62.9 62.4 63.0 62.7 62.5 62.1 61.9 61.1 60.7 60.8 61.4 
64.7 64.1 63.5 63.0 62.9 62.7 63.6 63.4 62.5 62.9 62.4 63.0 62.7 62.5 62.1 61.9 61.1 60.7 60.8 61.4 62.6 
64.1 63.5 63.0 62.9 62.7 63.6 63.4 62.5 62.9 62.4 63.0 62.7 62.5 62.1 61.9 61.1 60.7 60.8 61.4 62.6 62.1 
63.5 63.0 62.9 62.7 63.6 63.4 62.5 62.9 62.4 63.0 62.7 62.5 62.1 61.9 61.1 60.7 60.8 61.4 62.6 62.1 62.4 
63.0 62.9 62.7 63.6 63.4 62.5 62.9 62.4 63.0 62.7 62.5 62.1 61.9 61.1 60.7 60.8 61.4 62.6 62.1 62.4 62.3 
62.9 62.7 63.6 63.4 62.5 62.9 62.4 63.0 62.7 62.5 62.1 61.9 61.1 60.7 60.8 61.4 62.6 62.1 62.4 62.3 62.7 
62.7 63.6 63.4 62.5 62.9 62.4 63.0 62.7 62.5 62.1 61.9 61.1 60.7 60.8 61.4 62.6 62.1 62.4 62.3 62.7 62.4 
63.6 63.4 62.5 62.9 62.4 63.0 62.7 62.5 62.1 61.9 61.1 60.7 60.8 61.4 62.6 62.1 62.4 62.3 62.7 62.4 62.5 
63.4 62.5 62.9 62.4 63.0 62.7 62.5 62.1 61.9 61.1 60.7 60.8 61.4 62.6 62.1 62.4 62.3 62.7 62.4 62.5 61.6 
62.5 62.9 62.4 63.0 62.7 62.5 62.1 61.9 61.1 60.7 60.8 61.4 62.6 62.1 62.4 62.3 62.7 62.4 62.5 61.6 61.4 
62.9 62.4 63.0 62.7 62.5 62.1 61.9 61.1 60.7 60.8 61.4 62.6 62.1 62.4 62.3 62.7 62.4 62.5 61.6 61.4 61.2 
62.4 63.0 62.7 62.5 62.1 61.9 61.1 60.7 60.8 61.4 62.6 62.1 62.4 62.3 62.7 62.4 62.5 61.6 61.4 61.2 61.8 
63.0 62.7 62.5 62.1 61.9 61.1 60.7 60.8 61.4 62.6 62.1 62.4 62.3 62.7 62.4 62.5 61.6 61.4 61.2 61.8 60.4 
62.7 62.5 62.1 61.9 61.1 60.7 60.8 61.4 62.6 62.1 62.4 62.3 62.7 62.4 62.5 61.6 61.4 61.2 61.8 60.4 59.8 
62.5 62.1 61.9 61.1 60.7 60.8 61.4 62.6 62.1 62.4 62.3 62.7 62.4 62.5 61.6 61.4 61.2 61.8 60.4 59.8 60.0 
62.1 61.9 61.1 60.7 60.8 61.4 62.6 62.1 62.4 62.3 62.7 62.4 62.5 61.6 61.4 61.2 61.8 60.4 59.8 60.0 60.0 
61.9 61.1 60.7 60.8 61.4 62.6 62.1 62.4 62.3 62.7 62.4 62.5 61.6 61.4 61.2 61.8 60.4 59.8 60.0 60.0 60.0 
61.1 60.7 60.8 61.4 62.6 62.1 62.4 62.3 62.7 62.4 62.5 61.6 61.4 61.2 61.8 60.4 59.8 60.0 60.0 60.0 59.8 
60.7 60.8 61.4 62.6 62.1 62.4 62.3 62.7 62.4 62.5 61.6 61.4 61.2 61.8 60.4 59.8 60.0 60.0 60.0 59.8 59.7 
60.8 61.4 62.6 62.1 62.4 62.3 62.7 62.4 62.5 61.6 61.4 61.2 61.8 60.4 59.8 60.0 60.0 60.0 59.8 59.7 59.6 
61.4 62.6 62.1 62.4 62.3 62.7 62.4 62.5 61.6 61.4 61.2 61.8 60.4 59.8 60.0 60.0 60.0 59.8 59.7 59.6 59.3 
62.6 62.1 62.4 62.3 62.7 62.4 62.5 61.6 61.4 61.2 61.8 60.4 59.8 60.0 60.0 60.0 59.8 59.7 59.6 59.3 60.2 
62.1 62.4 62.3 62.7 62.4 62.5 61.6 61.4 61.2 61.8 60.4 59.8 60.0 60.0 60.0 59.8 59.7 59.6 59.3 60.2 60.4 
62.4 62.3 62.7 62.4 62.5 61.6 61.4 61.2 61.8 60.4 59.8 60.0 60.0 60.0 59.8 59.7 59.6 59.3 60.2 60.4 61.1 
62.3 62.7 62.4 62.5 61.6 61.4 61.2 61.8 60.4 59.8 60.0 60.0 60.0 59.8 59.7 59.6 59.3 60.2 60.4 61.1 60.7 
62.7 62.4 62.5 61.6 61.4 61.2 61.8 60.4 59.8 60.0 60.0 60.0 59.8 59.7 59.6 59.3 60.2 60.4 61.1 60.7 61.0 
62.4 62.5 61.6 61.4 61.2 61.8 60.4 59.8 60.0 60.0 60.0 59.8 59.7 59.6 59.3 60.2 60.4 61.1 60.7 61.0 61.9 
62.5 61.6 61.4 61.2 61.8 60.4 59.8 60.0 60.0 60.0 59.8 59.7 59.6 59.3 60.2 60.4 61.1 60.7 61.0 61.9 61.9 
61.6 61.4 61.2 61.8 60.4 59.8 60.0 60.0 60.0 59.8 59.7 59.6 59.3 60.2 60.4 61.1 60.7 61.0 61.9 61.9 62.1 
61.4 61.2 61.8 60.4 59.8 60.0 60.0 60.0 59.8 59.7 59.6 59.3 60.2 60.4 61.1 60.7 61.0 61.9 61.9 62.1 62.1 
61.2 61.8 60.4 59.8 60.0 60.0 60.0 59.8 59.7 59.6 59.3 60.2 60.4 61.1 60.7 61.0 61.9 61.9 62.1 62.1 61.8 
61.8 60.4 59.8 60.0 60.0 60.0 59.8 59.7 59.6 59.3 60.2 60.4 61.1 60.7 61.0 61.9 61.9 62.1 62.1 61.8 61.3 
60.4 59.8 60.0 60.0 60.0 59.8 59.7 59.6 59.3 60.2 60.4 61.1 60.7 61.0 61.9 61.9 62.1 62.1 61.8 61.3 61.8 
59.8 60.0 60.0 60.0 59.8 59.7 59.6 59.3 60.2 60.4 61.1 60.7 61.0 61.9 61.9 62.1 62.1 61.8 61.3 61.8 60.2 
60.0 60.0 60.0 59.8 59.7 59.6 59.3 60.2 60.4 61.1 60.7 61.0 61.9 61.9 62.1 62.1 61.8 61.3 61.8 60.2 60.3 
60.0 60.0 59.8 59.7 59.6 59.3 60.2 60.4 61.1 60.7 61.0 61.9 61.9 62.1 62.1 61.8 61.3 61.8 60.2 60.3 60.3 
60.0 59.8 59.7 59.6 59.3 60.2 60.4 61.1 60.7 61.0 61.9 61.9 62.1 62.1 61.8 61.3 61.8 60.2 60.3 60.3 60.3 
59.8 59.7 59.6 59.3 60.2 60.4 61.1 60.7 61.0 61.9 61.9 62.1 62.1 61.8 61.3 61.8 60.2 60.3 60.3 60.3 60.3 
59.7 59.6 59.3 60.2 60.4 61.1 60.7 61.0 61.9 61.9 62.1 62.1 61.8 61.3 61.8 60.2 60.3 60.3 60.3 60.3 60.8 
59.6 59.3 60.2 60.4 61.1 60.7 61.0 61.9 61.9 62.1 62.1 61.8 61.3 61.8 60.2 60.3 60.3 60.3 60.3 60.8 60.6 
59.3 60.2 60.4 61.1 60.7 61.0 61.9 61.9 62.1 62.1 61.8 61.3 61.8 60.2 60.3 60.3 60.3 60.3 60.8 60.6 61.2 
60.2 60.4 61.1 60.7 61.0 61.9 61.9 62.1 62.1 61.8 61.3 61.8 60.2 60.3 60.3 60.3 60.3 60.8 60.6 61.2 62.0 
60.4 61.1 60.7 61.0 61.9 61.9 62.1 62.1 61.8 61.3 61.8 60.2 60.3 60.3 60.3 60.3 60.8 60.6 61.2 62.0 62.2 
61.1 60.7 61.0 61.9 61.9 62.1 62.1 61.8 61.3 61.8 60.2 60.3 60.3 60.3 60.3 60.8 60.6 61.2 62.0 62.2 63.9 
60.7 61.0 61.9 61.9 62.1 62.1 61.8 61.3 61.8 60.2 60.3 60.3 60.3 60.3 60.8 60.6 61.2 62.0 62.2 63.9 63.9 
61.0 61.9 61.9 62.1 62.1 61.8 61.3 61.8 60.2 60.3 60.3 60.3 60.3 60.8 60.6 61.2 62.0 62.2 63.9 63.9 64.0 
61.9 61.9 62.1 62.1 61.8 61.3 61.8 60.2 60.3 60.3 60.3 60.3 60.8 60.6 61.2 62.0 62.2 63.9 63.9 64.0 64.7 
61.9 62.1 62.1 61.8 61.3 61.8 60.2 60.3 60.3 60.3 60.3 60.8 60.6 61.2 62.0 62.2 63.9 63.9 64.0 64.7 64.7 
62.1 62.1 61.8 61.3 61.8 60.2 60.3 60.3 60.3 60.3 60.8 60.6 61.2 62.0 62.2 63.9 63.9 64.0 64.7 64.7 65.3 
62.1 61.8 61.3 61.8 60.2 60.3 60.3 60.3 60.3 60.8 60.6 61.2 62.0 62.2 63.9 63.9 64.0 64.7 64.7 65.3 65.2 
61.8 61.3 61.8 60.2 60.3 60.3 60.3 60.3 60.8 60.6 61.2 62.0 62.2 63.9 63.9 64.0 64.7 64.7 65.3 65.2 64.9 
61.3 61.8 60.2 60.3 60.3 60.3 60.3 60.8 60.6 61.2 62.0 62.2 63.9 63.9 64.0 64.7 64.7 65.3 65.2 64.9 64.9 
61.8 60.2 60.3 60.3 60.3 60.3 60.8 60.6 61.2 62.0 62.2 63.9 63.9 64.0 64.7 64.7 65.3 65.2 64.9 64.9 64.9 
60.2 60.3 60.3 60.3 60.3 60.8 60.6 61.2 62.0 62.2 63.9 63.9 64.0 64.7 64.7 65.3 65.2 64.9 64.9 64.9 65.0 
60.3 60.3 60.3 60.3 60.8 60.6 61.2 62.0 62.2 63.9 63.9 64.0 64.7 64.7 65.3 65.2 64.9 64.9 64.9 65.0 65.7 
60.3 60.3 60.3 60.8 60.6 61.2 62.0 62.2 63.9 63.9 64.0 64.7 64.7 65.3 65.2 64.9 64.9 64.9 65.0 65.7 65.7 
60.3 60.3 60.8 60.6 61.2 62.0 62.2 63.9 63.9 64.0 64.7 64.7 65.3 65.2 64.9 64.9 64.9 65.0 65.7 65.7 65.1 
60.3 60.8 60.6 61.2 62.0 62.2 63.9 63.9 64.0 64.7 64.7 65.3 65.2 64.9 64.9 64.9 65.0 65.7 65.7 65.1 64.9 
60.8 60.6 61.2 62.0 62.2 63.9 63.9 64.0 64.7 64.7 65.3 65.2 64.9 64.9 64.9 65.0 65.7 65.7 65.1 64.9 65.2 
60.6 61.2 62.0 62.2 63.9 63.9 64.0 64.7 64.7 65.3 65.2 64.9 64.9 64.9 65.0 65.7 65.7 65.1 64.9 65.2 65.4 
61.2 62.0 62.2 63.9 63.9 64.0 64.7 64.7 65.3 65.2 64.9 64.9 64.9 65.0 65.7 65.7 65.1 64.9 65.2 65.4 65.2 
62.0 62.2 63.9 63.9 64.0 64.7 64.7 65.3 65.2 64.9 64.9 64.9 65.0 65.7 65.7 65.1 64.9 65.2 65.4 65.2 64.8 
62.2 63.9 63.9 64.0 64.7 64.7 65.3 65.2 64.9 64.9 64.9 65.0 65.7 65.7 65.1 64.9 65.2 65.4 65.2 64.8 64.3 
63.9 63.9 64.0 64.7 64.7 65.3 65.2 64.9 64.9 64.9 65.0 65.7 65.7 65.1 64.9 65.2 65.4 65.2 64.8 64.3 64.8 
63.9 64.0 64.7 64.7 65.3 65.2 64.9 64.9 64.9 65.0 65.7 65.7 65.1 64.9 65.2 65.4 65.2 64.8 64.3 64.8 61.3 
64.0 64.7 64.7 65.3 65.2 64.9 64.9 64.9 65.0 65.7 65.7 65.1 64.9 65.2 65.4 65.2 64.8 64.3 64.8 61.3 61.0 
64.7 64.7 65.3 65.2 64.9 64.9 64.9 65.0 65.7 65.7 65.1 64.9 65.2 65.4 65.2 64.8 64.3 64.8 61.3 61.0 62.1 
64.7 65.3 65.2 64.9 64.9 64.9 65.0 65.7 65.7 65.1 64.9 65.2 65.4 65.2 64.8 64.3 64.8 61.3 61.0 62.1 61.4 
65.3 65.2 64.9 64.9 64.9 65.0 65.7 65.7 65.1 64.9 65.2 65.4 65.2 64.8 64.3 64.8 61.3 61.0 62.1 61.4 61.1 
65.2 64.9 64.9 64.9 65.0 65.7 65.7 65.1 64.9 65.2 65.4 65.2 64.8 64.3 64.8 61.3 61.0 62.1 61.4 61.1 61.2 
64.9 64.9 64.9 65.0 65.7 65.7 65.1 64.9 65.2 65.4 65.2 64.8 64.3 64.8 61.3 61.0 62.1 61.4 61.1 61.2 61.1 
64.9 64.9 65.0 65.7 65.7 65.1 64.9 65.2 65.4 65.2 64.8 64.3 64.8 61.3 61.0 62.1 61.4 61.1 61.2 61.1 60.5 
64.9 65.0 65.7 65.7 65.1 64.9 65.2 65.4 65.2 64.8 64.3 64.8 61.3 61.0 62.1 61.4 61.1 61.2 61.1 60.5 60.9 
65.0 65.7 65.7 65.1 64.9 65.2 65.4 65.2 64.8 64.3 64.8 61.3 61.0 62.1 61.4 61.1 61.2 61.1 60.5 60.9 62.1 
65.7 65.7 65.1 64.9 65.2 65.4 65.2 64.8 64.3 64.8 61.3 61.0 62.1 61.4 61.1 61.2 61.1 60.5 60.9 62.1 61.2 
65.7 65.1 64.9 65.2 65.4 65.2 64.8 64.3 64.8 61.3 61.0 62.1 61.4 61.1 61.2 61.1 60.5 60.9 62.1 61.2 61.1 
65.1 64.9 65.2 65.4 65.2 64.8 64.3 64.8 61.3 61.0 62.1 61.4 61.1 61.2 61.1 60.5 60.9 62.1 61.2 61.1 60.8 
64.9 65.2 65.4 65.2 64.8 64.3 64.8 61.3 61.0 62.1 61.4 61.1 61.2 61.1 60.5 60.9 62.1 61.2 61.1 60.8 59.2 
65.2 65.4 65.2 64.8 64.3 64.8 61.3 61.0 62.1 61.4 61.1 61.2 61.1 60.5 60.9 62.1 61.2 61.1 60.8 59.2 59.1 
65.4 65.2 64.8 64.3 64.8 61.3 61.0 62.1 61.4 61.1 61.2 61.1 60.5 60.9 62.1 61.2 61.1 60.8 59.2 59.1 59.0 
65.2 64.8 64.3 64.8 61.3 61.0 62.1 61.4 61.1 61.2 61.1 60.5 60.9 62.1 61.2 61.1 60.8 59.2 59.1 59.0 59.4 
64.8 64.3 64.8 61.3 61.0 62.1 61.4 61.1 61.2 61.1 60.5 60.9 62.1 61.2 61.1 60.8 59.2 59.1 59.0 59.4 59.4 
64.3 64.8 61.3 61.0 62.1 61.4 61.1 61.2 61.1 60.5 60.9 62.1 61.2 61.1 60.8 59.2 59.1 59.0 59.4 59.4 59.5 
64.8 61.3 61.0 62.1 61.4 61.1 61.2 61.1 60.5 60.9 62.1 61.2 61.1 60.8 59.2 59.1 59.0 59.4 59.4 59.5 59.4 
61.3 61.0 62.1 61.4 61.1 61.2 61.1 60.5 60.9 62.1 61.2 61.1 60.8 59.2 59.1 59.0 59.4 59.4 59.5 59.4 59.2 
61.0 62.1 61.4 61.1 61.2 61.1 60.5 60.9 62.1 61.2 61.1 60.8 59.2 59.1 59.0 59.4 59.4 59.5 59.4 59.2 59.1 
62.1 61.4 61.1 61.2 61.1 60.5 60.9 62.1 61.2 61.1 60.8 59.2 59.1 59.0 59.4 59.4 59.5 59.4 59.2 59.1 59.2 
61.4 61.1 61.2 61.1 60.5 60.9 62.1 61.2 61.1 60.8 59.2 59.1 59.0 59.4 59.4 59.5 59.4 59.2 59.1 59.2 59.4 
61.1 61.2 61.1 60.5 60.9 62.1 61.2 61.1 60.8 59.2 59.1 59.0 59.4 59.4 59.5 59.4 59.2 59.1 59.2 59.4 59.9 
61.2 61.1 60.5 60.9 62.1 61.2 61.1 60.8 59.2 59.1 59.0 59.4 59.4 59.5 59.4 59.2 59.1 59.2 59.4 59.9 59.8 
61.1 60.5 60.9 62.1 61.2 61.1 60.8 59.2 59.1 59.0 59.4 59.4 59.5 59.4 59.2 59.1 59.2 59.4 59.9 59.8 60.9 
60.5 60.9 62.1 61.2 61.1 60.8 59.2 59.1 59.0 59.4 59.4 59.5 59.4 59.2 59.1 59.2 59.4 59.9 59.8 60.9 60.7 
60.9 62.1 61.2 61.1 60.8 59.2 59.1 59.0 59.4 59.4 59.5 59.4 59.2 59.1 59.2 59.4 59.9 59.8 60.9 60.7 60.1 
62.1 61.2 61.1 60.8 59.2 59.1 59.0 59.4 59.4 59.5 59.4 59.2 59.1 59.2 59.4 59.9 59.8 60.9 60.7 60.1 60.9 
61.2 61.1 60.8 59.2 59.1 59.0 59.4 59.4 59.5 59.4 59.2 59.1 59.2 59.4 59.9 59.8 60.9 60.7 60.1 60.9 61.0 
61.1 60.8 59.2 59.1 59.0 59.4 59.4 59.5 59.4 59.2 59.1 59.2 59.4 59.9 59.8 60.9 60.7 60.1 60.9 61.0 60.6 
60.8 59.2 59.1 59.0 59.4 59.4 59.5 59.4 59.2 59.1 59.2 59.4 59.9 59.8 60.9 60.7 60.1 60.9 61.0 60.6 60.7 
59.2 59.1 59.0 59.4 59.4 59.5 59.4 59.2 59.1 59.2 59.4 59.9 59.8 60.9 60.7 60.1 60.9 61.0 60.6 60.7 61.1 
59.1 59.0 59.4 59.4 59.5 59.4 59.2 59.1 59.2 59.4 59.9 59.8 60.9 60.7 60.1 60.9 61.0 60.6 60.7 61.1 61.5 
59.0 59.4 59.4 59.5 59.4 59.2 59.1 59.2 59.4 59.9 59.8 60.9 60.7 60.1 60.9 61.0 60.6 60.7 61.1 61.5 61.0 
59.4 59.4 59.5 59.4 59.2 59.1 59.2 59.4 59.9 59.8 60.9 60.7 60.1 60.9 61.0 60.6 60.7 61.1 61.5 61.0 60.8 
59.4 59.5 59.4 59.2 59.1 59.2 59.4 59.9 59.8 60.9 60.7 60.1 60.9 61.0 60.6 60.7 61.1 61.5 61.0 60.8 61.0 
59.5 59.4 59.2 59.1 59.2 59.4 59.9 59.8 60.9 60.7 60.1 60.9 61.0 60.6 60.7 61.1 61.5 61.0 60.8 61.0 60.6 
59.4 59.2 59.1 59.2 59.4 59.9 59.8 60.9 60.7 60.1 60.9 61.0 60.6 60.7 61.1 61.5 61.0 60.8 61.0 60.6 60.9 
59.2 59.1 59.2 59.4 59.9 59.8 60.9 60.7 60.1 60.9 61.0 60.6 60.7 61.1 61.5 61.0 60.8 61.0 60.6 60.9 61.3 
59.1 59.2 59.4 59.9 59.8 60.9 60.7 60.1 60.9 61.0 60.6 60.7 61.1 61.5 61.0 60.8 61.0 60.6 60.9 61.3 61.3 
59.2 59.4 59.9 59.8 60.9 60.7 60.1 60.9 61.0 60.6 60.7 61.1 61.5 61.0 60.8 61.0 60.6 60.9 61.3 61.3 61.7 
59.4 59.9 59.8 60.9 60.7 60.1 60.9 61.0 60.6 60.7 61.1 61.5 61.0 60.8 61.0 60.6 60.9 61.3 61.3 61.7 61.1 
59.9 59.8 60.9 60.7 60.1 60.9 61.0 60.6 60.7 61.1 61.5 61.0 60.8 61.0 60.6 60.9 61.3 61.3 61.7 61.1 60.7 
59.8 60.9 60.7 60.1 60.9 61.0 60.6 60.7 61.1 61.5 61.0 60.8 61.0 60.6 60.9 61.3 61.3 61.7 61.1 60.7 60.9 
60.9 60.7 60.1 60.9 61.0 60.6 60.7 61.1 61.5 61.0 60.8 61.0 60.6 60.9 61.3 61.3 61.7 61.1 60.7 60.9 60.5 
60.7 60.1 60.9 61.0 60.6 60.7 61.1 61.5 61.0 60.8 61.0 60.6 60.9 61.3 61.3 61.7 61.1 60.7 60.9 60.5 60.2 
60.1 60.9 61.0 60.6 60.7 61.1 61.5 61.0 60.8 61.0 60.6 60.9 61.3 61.3 61.7 61.1 60.7 60.9 60.5 60.2 60.7 
60.9 61.0 60.6 60.7 61.1 61.5 61.0 60.8 61.0 60.6 60.9 61.3 61.3 61.7 61.1 60.7 60.9 60.5 60.2 60.7 60.4 
61.0 60.6 60.7 61.1 61.5 61.0 60.8 61.0 60.6 60.9 61.3 61.3 61.7 61.1 60.7 60.9 60.5 60.2 60.7 60.4 60.9 
60.6 60.7 61.1 61.5 61.0 60.8 61.0 60.6 60.9 61.3 61.3 61.7 61.1 60.7 60.9 60.5 60.2 60.7 60.4 60.9 61.1 
60.7 61.1 61.5 61.0 60.8 61.0 60.6 60.9 61.3 61.3 61.7 61.1 60.7 60.9 60.5 60.2 60.7 60.4 60.9 61.1 61.6 
61.1 61.5 61.0 60.8 61.0 60.6 60.9 61.3 61.3 61.7 61.1 60.7 60.9 60.5 60.2 60.7 60.4 60.9 61.1 61.6 61.6 
61.5 61.0 60.8 61.0 60.6 60.9 61.3 61.3 61.7 61.1 60.7 60.9 60.5 60.2 60.7 60.4 60.9 61.1 61.6 61.6 61.2 
61.0 60.8 61.0 60.6 60.9 61.3 61.3 61.7 61.1 60.7 60.9 60.5 60.2 60.7 60.4 60.9 61.1 61.6 61.6 61.2 60.7 
60.8 61.0 60.6 60.9 61.3 61.3 61.7 61.1 60.7 60.9 60.5 60.2 60.7 60.4 60.9 61.1 61.6 61.6 61.2 60.7 60.6 
61.0 60.6 60.9 61.3 61.3 61.7 61.1 60.7 60.9 60.5 60.2 60.7 60.4 60.9 61.1 61.6 61.6 61.2 60.7 60.6 60.8 
60.6 60.9 61.3 61.3 61.7 61.1 60.7 60.9 60.5 60.2 60.7 60.4 60.9 61.1 61.6 61.6 61.2 60.7 60.6 60.8 60.3 
60.9 61.3 61.3 61.7 61.1 60.7 60.9 60.5 60.2 60.7 60.4 60.9 61.1 61.6 61.6 61.2 60.7 60.6 60.8 60.3 60.5 
61.3 61.3 61.7 61.1 60.7 60.9 60.5 60.2 60.7 60.4 60.9 61.1 61.6 61.6 61.2 60.7 60.6 60.8 60.3 60.5 60.2 
61.3 61.7 61.1 60.7 60.9 60.5 60.2 60.7 60.4 60.9 61.1 61.6 61.6 61.2 60.7 60.6 60.8 60.3 60.5 60.2 60.1 
61.7 61.1 60.7 60.9 60.5 60.2 60.7 60.4 60.9 61.1 61.6 61.6 61.2 60.7 60.6 60.8 60.3 60.5 60.2 60.1 60.1 
61.1 60.7 60.9 60.5 60.2 60.7 60.4 60.9 61.1 61.6 61.6 61.2 60.7 60.6 60.8 60.3 60.5 60.2 60.1 60.1 60.2 
60.7 60.9 60.5 60.2 60.7 60.4 60.9 61.1 61.6 61.6 61.2 60.7 60.6 60.8 60.3 60.5 60.2 60.1 60.1 60.2 60.0 
60.9 60.5 60.2 60.7 60.4 60.9 61.1 61.6 61.6 61.2 60.7 60.6 60.8 60.3 60.5 60.2 60.1 60.1 60.2 60.0 60.2 
60.5 60.2 60.7 60.4 60.9 61.1 61.6 61.6 61.2 60.7 60.6 60.8 60.3 60.5 60.2 60.1 60.1 60.2 60.0 60.2 60.5 
60.2 60.7 60.4 60.9 61.1 61.6 61.6 61.2 60.7 60.6 60.8 60.3 60.5 60.2 60.1 60.1 60.2 60.0 60.2 60.5 59.6 
60.7 60.4 60.9 61.1 61.6 61.6 61.2 60.7 60.6 60.8 60.3 60.5 60.2 60.1 60.1 60.2 60.0 60.2 60.5 59.6 59.5 
60.4 60.9 61.1 61.6 61.6 61.2 60.7 60.6 60.8 60.3 60.5 60.2 60.1 60.1 60.2 60.0 60.2 60.5 59.6 59.5 59.5 
60.9 61.1 61.6 61.6 61.2 60.7 60.6 60.8 60.3 60.5 60.2 60.1 60.1 60.2 60.0 60.2 60.5 59.6 59.5 59.5 59.6 
61.1 61.6 61.6 61.2 60.7 60.6 60.8 60.3 60.5 60.2 60.1 60.1 60.2 60.0 60.2 60.5 59.6 59.5 59.5 59.6 59.4 
61.6 61.6 61.2 60.7 60.6 60.8 60.3 60.5 60.2 60.1 60.1 60.2 60.0 60.2 60.5 59.6 59.5 59.5 59.6 59.4 59.1 
61.6 61.2 60.7 60.6 60.8 60.3 60.5 60.2 60.1 60.1 60.2 60.0 60.2 60.5 59.6 59.5 59.5 59.6 59.4 59.1 59.1 
61.2 60.7 60.6 60.8 60.3 60.5 60.2 60.1 60.1 60.2 60.0 60.2 60.5 59.6 59.5 59.5 59.6 59.4 59.1 59.1 58.5 
60.7 60.6 60.8 60.3 60.5 60.2 60.1 60.1 60.2 60.0 60.2 60.5 59.6 59.5 59.5 59.6 59.4 59.1 59.1 58.5 58.8 
60.6 60.8 60.3 60.5 60.2 60.1 60.1 60.2 60.0 60.2 60.5 59.6 59.5 59.5 59.6 59.4 59.1 59.1 58.5 58.8 58.7 
60.8 60.3 60.5 60.2 60.1 60.1 60.2 60.0 60.2 60.5 59.6 59.5 59.5 59.6 59.4 59.1 59.1 58.5 58.8 58.7 55.9 
60.3 60.5 60.2 60.1 60.1 60.2 60.0 60.2 60.5 59.6 59.5 59.5 59.6 59.4 59.1 59.1 58.5 58.8 58.7 55.9 54.8 
60.5 60.2 60.1 60.1 60.2 60.0 60.2 60.5 59.6 59.5 59.5 59.6 59.4 59.1 59.1 58.5 58.8 58.7 55.9 54.8 54.1 
60.2 60.1 60.1 60.2 60.0 60.2 60.5 59.6 59.5 59.5 59.6 59.4 59.1 59.1 58.5 58.8 58.7 55.9 54.8 54.1 53.4 
60.1 60.1 60.2 60.0 60.2 60.5 59.6 59.5 59.5 59.6 59.4 59.1 59.1 58.5 58.8 58.7 55.9 54.8 54.1 53.4 54.5 
60.1 60.2 60.0 60.2 60.5 59.6 59.5 59.5 59.6 59.4 59.1 59.1 58.5 58.8 58.7 55.9 54.8 54.1 53.4 54.5 54.1 
60.2 60.0 60.2 60.5 59.6 59.5 59.5 59.6 59.4 59.1 59.1 58.5 58.8 58.7 55.9 54.8 54.1 53.4 54.5 54.1 53.6 
60.0 60.2 60.5 59.6 59.5 59.5 59.6 59.4 59.1 59.1 58.5 58.8 58.7 55.9 54.8 54.1 53.4 54.5 54.1 53.6 53.9 
60.2 60.5 59.6 59.5 59.5 59.6 59.4 59.1 59.1 58.5 58.8 58.7 55.9 54.8 54.1 53.4 54.5 54.1 53.6 53.9 53.5 
60.5 59.6 59.5 59.5 59.6 59.4 59.1 59.1 58.5 58.8 58.7 55.9 54.8 54.1 53.4 54.5 54.1 53.6 53.9 53.5 53.1 
59.6 59.5 59.5 59.6 59.4 59.1 59.1 58.5 58.8 58.7 55.9 54.8 54.1 53.4 54.5 54.1 53.6 53.9 53.5 53.1 52.9 
59.5 59.5 59.6 59.4 59.1 59.1 58.5 58.8 58.7 55.9 54.8 54.1 53.4 54.5 54.1 53.6 53.9 53.5 53.1 52.9 52.3 
59.5 59.6 59.4 59.1 59.1 58.5 58.8 58.7 55.9 54.8 54.1 53.4 54.5 54.1 53.6 53.9 53.5 53.1 52.9 52.3 51.4 
