55.2 55.5 56.0 55.2 55.3 54.4 53.5 52.5 51.2 51.2 51.6 52.0 52.8 52.3 53.2 52.4 53.6 53.6 54.2 55.0 53.7 
55.5 56.0 55.2 55.3 54.4 53.5 52.5 51.2 51.2 51.6 52.0 52.8 52.3 53.2 52.4 53.6 53.6 54.2 55.0 53.7 53.5 
56.0 55.2 55.3 54.4 53.5 52.5 51.2 51.2 51.6 52.0 52.8 52.3 53.2 52.4 53.6 53.6 54.2 55.0 53.7 53.5 53.3 
55.2 55.3 54.4 53.5 52.5 51.2 51.2 51.6 52.0 52.8 52.3 53.2 52.4 53.6 53.6 54.2 55.0 53.7 53.5 53.3 51.7 
55.3 54.4 53.5 52.5 51.2 51.2 51.6 52.0 52.8 52.3 53.2 52.4 53.6 53.6 54.2 55.0 53.7 53.5 53.3 51.7 52.4 
54.4 53.5 52.5 51.2 51.2 51.6 52.0 52.8 52.3 53.2 52.4 53.6 53.6 54.2 55.0 53.7 53.5 53.3 51.7 52.4 52.9 
53.5 52.5 51.2 51.2 51.6 52.0 52.8 52.3 53.2 52.4 53.6 53.6 54.2 55.0 53.7 53.5 53.3 51.7 52.4 52.9 52.5 
52.5 51.2 51.2 51.6 52.0 52.8 52.3 53.2 52.4 53.6 53.6 54.2 55.0 53.7 53.5 53.3 51.7 52.4 52.9 52.5 51.6 
51.2 51.2 51.6 52.0 52.8 52.3 53.2 52.4 53.6 53.6 54.2 55.0 53.7 53.5 53.3 51.7 52.4 52.9 52.5 51.6 52.0 
51.2 51.6 52.0 52.8 52.3 53.2 52.4 53.6 53.6 54.2 55.0 53.7 53.5 53.3 51.7 52.4 52.9 52.5 51.6 52.0 51.5 
51.6 52.0 52.8 52.3 53.2 52.4 53.6 53.6 54.2 55.0 53.7 53.5 53.3 51.7 52.4 52.9 52.5 51.6 52.0 51.5 50.8 
52.0 52.8 52.3 53.2 52.4 53.6 53.6 54.2 55.0 53.7 53.5 53.3 51.7 52.4 52.9 52.5 51.6 52.0 51.5 50.8 50.6 
52.8 52.3 53.2 52.4 53.6 53.6 54.2 55.0 53.7 53.5 53.3 51.7 52.4 52.9 52.5 51.6 52.0 51.5 50.8 50.6 50.1 
52.3 53.2 52.4 53.6 53.6 54.2 55.0 53.7 53.5 53.3 51.7 52.4 52.9 52.5 51.6 52.0 51.5 50.8 50.6 50.1 49.65 
53.2 52.4 53.6 53.6 54.2 55.0 53.7 53.5 53.3 51.7 52.4 52.9 52.5 51.6 52.0 51.5 50.8 50.6 50.1 49.65 50.1 
52.4 53.6 53.6 54.2 55.0 53.7 53.5 53.3 51.7 52.4 52.9 52.5 51.6 52.0 51.5 50.8 50.6 50.1 49.65 50.1 49.5 
53.6 53.6 54.2 55.0 53.7 53.5 53.3 51.7 52.4 52.9 52.5 51.6 52.0 51.5 50.8 50.6 50.1 49.65 50.1 49.5 48.9 
53.6 54.2 55.0 53.7 53.5 53.3 51.7 52.4 52.9 52.5 51.6 52.0 51.5 50.8 50.6 50.1 49.65 50.1 49.5 48.9 48.95 
54.2 55.0 53.7 53.5 53.3 51.7 52.4 52.9 52.5 51.6 52.0 51.5 50.8 50.6 50.1 49.65 50.1 49.5 48.9 48.95 49.9 
55.0 53.7 53.5 53.3 51.7 52.4 52.9 52.5 51.6 52.0 51.5 50.8 50.6 50.1 49.65 50.1 49.5 48.9 48.95 49.9 50.0 
53.7 53.5 53.3 51.7 52.4 52.9 52.5 51.6 52.0 51.5 50.8 50.6 50.1 49.65 50.1 49.5 48.9 48.95 49.9 50.0 50.0 
53.5 53.3 51.7 52.4 52.9 52.5 51.6 52.0 51.5 50.8 50.6 50.1 49.65 50.1 49.5 48.9 48.95 49.9 50.0 50.0 50.6 
53.3 51.7 52.4 52.9 52.5 51.6 52.0 51.5 50.8 50.6 50.1 49.65 50.1 49.5 48.9 48.95 49.9 50.0 50.0 50.6 51.2 
51.7 52.4 52.9 52.5 51.6 52.0 51.5 50.8 50.6 50.1 49.65 50.1 49.5 48.9 48.95 49.9 50.0 50.0 50.6 51.2 52.4 
52.4 52.9 52.5 51.6 52.0 51.5 50.8 50.6 50.1 49.65 50.1 49.5 48.9 48.95 49.9 50.0 50.0 50.6 51.2 52.4 53.6 
52.9 52.5 51.6 52.0 51.5 50.8 50.6 50.1 49.65 50.1 49.5 48.9 48.95 49.9 50.0 50.0 50.6 51.2 52.4 53.6 53.0 
52.5 51.6 52.0 51.5 50.8 50.6 50.1 49.65 50.1 49.5 48.9 48.95 49.9 50.0 50.0 50.6 51.2 52.4 53.6 53.0 53.0 
51.6 52.0 51.5 50.8 50.6 50.1 49.65 50.1 49.5 48.9 48.95 49.9 50.0 50.0 50.6 51.2 52.4 53.6 53.0 53.0 53.2 
52.0 51.5 50.8 50.6 50.1 49.65 50.1 49.5 48.9 48.95 49.9 50.0 50.0 50.6 51.2 52.4 53.6 53.0 53.0 53.2 55.0 
51.5 50.8 50.6 50.1 49.65 50.1 49.5 48.9 48.95 49.9 50.0 50.0 50.6 51.2 52.4 53.6 53.0 53.0 53.2 55.0 54.8 
50.8 50.6 50.1 49.65 50.1 49.5 48.9 48.95 49.9 50.0 50.0 50.6 51.2 52.4 53.6 53.0 53.0 53.2 55.0 54.8 55.0 
50.6 50.1 49.65 50.1 49.5 48.9 48.95 49.9 50.0 50.0 50.6 51.2 52.4 53.6 53.0 53.0 53.2 55.0 54.8 55.0 55.2 
50.1 49.65 50.1 49.5 48.9 48.95 49.9 50.0 50.0 50.6 51.2 52.4 53.6 53.0 53.0 53.2 55.0 54.8 55.0 55.2 55.4 
49.65 50.1 49.5 48.9 48.95 49.9 50.0 50.0 50.6 51.2 52.4 53.6 53.0 53.0 53.2 55.0 54.8 55.0 55.2 55.4 55.9 
50.1 49.5 48.9 48.95 49.9 50.0 50.0 50.6 51.2 52.4 53.6 53.0 53.0 53.2 55.0 54.8 55.0 55.2 55.4 55.9 56.1 
49.5 48.9 48.95 49.9 50.0 50.0 50.6 51.2 52.4 53.6 53.0 53.0 53.2 55.0 54.8 55.0 55.2 55.4 55.9 56.1 58.3 
48.9 48.95 49.9 50.0 50.0 50.6 51.2 52.4 53.6 53.0 53.0 53.2 55.0 54.8 55.0 55.2 55.4 55.9 56.1 58.3 58.3 
48.95 49.9 50.0 50.0 50.6 51.2 52.4 53.6 53.0 53.0 53.2 55.0 54.8 55.0 55.2 55.4 55.9 56.1 58.3 58.3 58.1 
49.9 50.0 50.0 50.6 51.2 52.4 53.6 53.0 53.0 53.2 55.0 54.8 55.0 55.2 55.4 55.9 56.1 58.3 58.3 58.1 58.0 
50.0 50.0 50.6 51.2 52.4 53.6 53.0 53.0 53.2 55.0 54.8 55.0 55.2 55.4 55.9 56.1 58.3 58.3 58.1 58.0 57.7 
50.0 50.6 51.2 52.4 53.6 53.0 53.0 53.2 55.0 54.8 55.0 55.2 55.4 55.9 56.1 58.3 58.3 58.1 58.0 57.7 58.1 
50.6 51.2 52.4 53.6 53.0 53.0 53.2 55.0 54.8 55.0 55.2 55.4 55.9 56.1 58.3 58.3 58.1 58.0 57.7 58.1 58.8 
51.2 52.4 53.6 53.0 53.0 53.2 55.0 54.8 55.0 55.2 55.4 55.9 56.1 58.3 58.3 58.1 58.0 57.7 58.1 58.8 59.4 
52.4 53.6 53.0 53.0 53.2 55.0 54.8 55.0 55.2 55.4 55.9 56.1 58.3 58.3 58.1 58.0 57.7 58.1 58.8 59.4 59.3 
53.6 53.0 53.0 53.2 55.0 54.8 55.0 55.2 55.4 55.9 56.1 58.3 58.3 58.1 58.0 57.7 58.1 58.8 59.4 59.3 59.3 
53.0 53.0 53.2 55.0 54.8 55.0 55.2 55.4 55.9 56.1 58.3 58.3 58.1 58.0 57.7 58.1 58.8 59.4 59.3 59.3 61.2 
53.0 53.2 55.0 54.8 55.0 55.2 55.4 55.9 56.1 58.3 58.3 58.1 58.0 57.7 58.1 58.8 59.4 59.3 59.3 61.2 61.4 
53.2 55.0 54.8 55.0 55.2 55.4 55.9 56.1 58.3 58.3 58.1 58.0 57.7 58.1 58.8 59.4 59.3 59.3 61.2 61.4 60.0 
55.0 54.8 55.0 55.2 55.4 55.9 56.1 58.3 58.3 58.1 58.0 57.7 58.1 58.8 59.4 59.3 59.3 61.2 61.4 60.0 60.7 
54.8 55.0 55.2 55.4 55.9 56.1 58.3 58.3 58.1 58.0 57.7 58.1 58.8 59.4 59.3 59.3 61.2 61.4 60.0 60.7 61.3 
55.0 55.2 55.4 55.9 56.1 58.3 58.3 58.1 58.0 57.7 58.1 58.8 59.4 59.3 59.3 61.2 61.4 60.0 60.7 61.3 62.9 
55.2 55.4 55.9 56.1 58.3 58.3 58.1 58.0 57.7 58.1 58.8 59.4 59.3 59.3 61.2 61.4 60.0 60.7 61.3 62.9 61.5 
55.4 55.9 56.1 58.3 58.3 58.1 58.0 57.7 58.1 58.8 59.4 59.3 59.3 61.2 61.4 60.0 60.7 61.3 62.9 61.5 62.3 
55.9 56.1 58.3 58.3 58.1 58.0 57.7 58.1 58.8 59.4 59.3 59.3 61.2 61.4 60.0 60.7 61.3 62.9 61.5 62.3 62.8 
56.1 58.3 58.3 58.1 58.0 57.7 58.1 58.8 59.4 59.3 59.3 61.2 61.4 60.0 60.7 61.3 62.9 61.5 62.3 62.8 62.6 
58.3 58.3 58.1 58.0 57.7 58.1 58.8 59.4 59.3 59.3 61.2 61.4 60.0 60.7 61.3 62.9 61.5 62.3 62.8 62.6 61.0 
58.3 58.1 58.0 57.7 58.1 58.8 59.4 59.3 59.3 61.2 61.4 60.0 60.7 61.3 62.9 61.5 62.3 62.8 62.6 61.0 63.3 
58.1 58.0 57.7 58.1 58.8 59.4 59.3 59.3 61.2 61.4 60.0 60.7 61.3 62.9 61.5 62.3 62.8 62.6 61.0 63.3 64.1 
58.0 57.7 58.1 58.8 59.4 59.3 59.3 61.2 61.4 60.0 60.7 61.3 62.9 61.5 62.3 62.8 62.6 61.0 63.3 64.1 63.8 
57.7 58.1 58.8 59.4 59.3 59.3 61.2 61.4 60.0 60.7 61.3 62.9 61.5 62.3 62.8 62.6 61.0 63.3 64.1 63.8 64.7 
58.1 58.8 59.4 59.3 59.3 61.2 61.4 60.0 60.7 61.3 62.9 61.5 62.3 62.8 62.6 61.0 63.3 64.1 63.8 64.7 64.0 
58.8 59.4 59.3 59.3 61.2 61.4 60.0 60.7 61.3 62.9 61.5 62.3 62.8 62.6 61.0 63.3 64.1 63.8 64.7 64.0 63.8 
59.4 59.3 59.3 61.2 61.4 60.0 60.7 61.3 62.9 61.5 62.3 62.8 62.6 61.0 63.3 64.1 63.8 64.7 64.0 63.8 62.9 
59.3 59.3 61.2 61.4 60.0 60.7 61.3 62.9 61.5 62.3 62.8 62.6 61.0 63.3 64.1 63.8 64.7 64.0 63.8 62.9 63.0 
59.3 61.2 61.4 60.0 60.7 61.3 62.9 61.5 62.3 62.8 62.6 61.0 63.3 64.1 63.8 64.7 64.0 63.8 62.9 63.0 65.0 
61.2 61.4 60.0 60.7 61.3 62.9 61.5 62.3 62.8 62.6 61.0 63.3 64.1 63.8 64.7 64.0 63.8 62.9 63.0 65.0 65.5 
61.4 60.0 60.7 61.3 62.9 61.5 62.3 62.8 62.6 61.0 63.3 64.1 63.8 64.7 64.0 63.8 62.9 63.0 65.0 65.5 66.0 
60.0 60.7 61.3 62.9 61.5 62.3 62.8 62.6 61.0 63.3 64.1 63.8 64.7 64.0 63.8 62.9 63.0 65.0 65.5 66.0 67.3 
60.7 61.3 62.9 61.5 62.3 62.8 62.6 61.0 63.3 64.1 63.8 64.7 64.0 63.8 62.9 63.0 65.0 65.5 66.0 67.3 67.5 
61.3 62.9 61.5 62.3 62.8 62.6 61.0 63.3 64.1 63.8 64.7 64.0 63.8 62.9 63.0 65.0 65.5 66.0 67.3 67.5 67.8 
62.9 61.5 62.3 62.8 62.6 61.0 63.3 64.1 63.8 64.7 64.0 63.8 62.9 63.0 65.0 65.5 66.0 67.3 67.5 67.8 68.5 
61.5 62.3 62.8 62.6 61.0 63.3 64.1 63.8 64.7 64.0 63.8 62.9 63.0 65.0 65.5 66.0 67.3 67.5 67.8 68.5 67.5 
62.3 62.8 62.6 61.0 63.3 64.1 63.8 64.7 64.0 63.8 62.9 63.0 65.0 65.5 66.0 67.3 67.5 67.8 68.5 67.5 69.8 
62.8 62.6 61.0 63.3 64.1 63.8 64.7 64.0 63.8 62.9 63.0 65.0 65.5 66.0 67.3 67.5 67.8 68.5 67.5 69.8 69.0 
62.6 61.0 63.3 64.1 63.8 64.7 64.0 63.8 62.9 63.0 65.0 65.5 66.0 67.3 67.5 67.8 68.5 67.5 69.8 69.0 68.8 
61.0 63.3 64.1 63.8 64.7 64.0 63.8 62.9 63.0 65.0 65.5 66.0 67.3 67.5 67.8 68.5 67.5 69.8 69.0 68.8 68.9 
63.3 64.1 63.8 64.7 64.0 63.8 62.9 63.0 65.0 65.5 66.0 67.3 67.5 67.8 68.5 67.5 69.8 69.0 68.8 68.9 68.8 
64.1 63.8 64.7 64.0 63.8 62.9 63.0 65.0 65.5 66.0 67.3 67.5 67.8 68.5 67.5 69.8 69.0 68.8 68.9 68.8 68.0 
63.8 64.7 64.0 63.8 62.9 63.0 65.0 65.5 66.0 67.3 67.5 67.8 68.5 67.5 69.8 69.0 68.8 68.9 68.8 68.0 67.1 
64.7 64.0 63.8 62.9 63.0 65.0 65.5 66.0 67.3 67.5 67.8 68.5 67.5 69.8 69.0 68.8 68.9 68.8 68.0 67.1 65.9 
64.0 63.8 62.9 63.0 65.0 65.5 66.0 67.3 67.5 67.8 68.5 67.5 69.8 69.0 68.8 68.9 68.8 68.0 67.1 65.9 65.2 
63.8 62.9 63.0 65.0 65.5 66.0 67.3 67.5 67.8 68.5 67.5 69.8 69.0 68.8 68.9 68.8 68.0 67.1 65.9 65.2 64.8 
62.9 63.0 65.0 65.5 66.0 67.3 67.5 67.8 68.5 67.5 69.8 69.0 68.8 68.9 68.8 68.0 67.1 65.9 65.2 64.8 63.6 
63.0 65.0 65.5 66.0 67.3 67.5 67.8 68.5 67.5 69.8 69.0 68.8 68.9 68.8 68.0 67.1 65.9 65.2 64.8 63.6 64.5 
65.0 65.5 66.0 67.3 67.5 67.8 68.5 67.5 69.8 69.0 68.8 68.9 68.8 68.0 67.1 65.9 65.2 64.8 63.6 64.5 64.2 
65.5 66.0 67.3 67.5 67.8 68.5 67.5 69.8 69.0 68.8 68.9 68.8 68.0 67.1 65.9 65.2 64.8 63.6 64.5 64.2 63.6 
66.0 67.3 67.5 67.8 68.5 67.5 69.8 69.0 68.8 68.9 68.8 68.0 67.1 65.9 65.2 64.8 63.6 64.5 64.2 63.6 64.8 
67.3 67.5 67.8 68.5 67.5 69.8 69.0 68.8 68.9 68.8 68.0 67.1 65.9 65.2 64.8 63.6 64.5 64.2 63.6 64.8 66.9 
67.5 67.8 68.5 67.5 69.8 69.0 68.8 68.9 68.8 68.0 67.1 65.9 65.2 64.8 63.6 64.5 64.2 63.6 64.8 66.9 65.5 
67.8 68.5 67.5 69.8 69.0 68.8 68.9 68.8 68.0 67.1 65.9 65.2 64.8 63.6 64.5 64.2 63.6 64.8 66.9 65.5 66.8 
68.5 67.5 69.8 69.0 68.8 68.9 68.8 68.0 67.1 65.9 65.2 64.8 63.6 64.5 64.2 63.6 64.8 66.9 65.5 66.8 68.6 
67.5 69.8 69.0 68.8 68.9 68.8 68.0 67.1 65.9 65.2 64.8 63.6 64.5 64.2 63.6 64.8 66.9 65.5 66.8 68.6 66.0 
69.8 69.0 68.8 68.9 68.8 68.0 67.1 65.9 65.2 64.8 63.6 64.5 64.2 63.6 64.8 66.9 65.5 66.8 68.6 66.0 67.0 
69.0 68.8 68.9 68.8 68.0 67.1 65.9 65.2 64.8 63.6 64.5 64.2 63.6 64.8 66.9 65.5 66.8 68.6 66.0 67.0 67.1 
68.8 68.9 68.8 68.0 67.1 65.9 65.2 64.8 63.6 64.5 64.2 63.6 64.8 66.9 65.5 66.8 68.6 66.0 67.0 67.1 69.2 
68.9 68.8 68.0 67.1 65.9 65.2 64.8 63.6 64.5 64.2 63.6 64.8 66.9 65.5 66.8 68.6 66.0 67.0 67.1 69.2 69.1 
68.8 68.0 67.1 65.9 65.2 64.8 63.6 64.5 64.2 63.6 64.8 66.9 65.5 66.8 68.6 66.0 67.0 67.1 69.2 69.1 66.9 
68.0 67.1 65.9 65.2 64.8 63.6 64.5 64.2 63.6 64.8 66.9 65.5 66.8 68.6 66.0 67.0 67.1 69.2 69.1 66.9 68.0 
67.1 65.9 65.2 64.8 63.6 64.5 64.2 63.6 64.8 66.9 65.5 66.8 68.6 66.0 67.0 67.1 69.2 69.1 66.9 68.0 68.1 
65.9 65.2 64.8 63.6 64.5 64.2 63.6 64.8 66.9 65.5 66.8 68.6 66.0 67.0 67.1 69.2 69.1 66.9 68.0 68.1 67.0 
65.2 64.8 63.6 64.5 64.2 63.6 64.8 66.9 65.5 66.8 68.6 66.0 67.0 67.1 69.2 69.1 66.9 68.0 68.1 67.0 67.7 
64.8 63.6 64.5 64.2 63.6 64.8 66.9 65.5 66.8 68.6 66.0 67.0 67.1 69.2 69.1 66.9 68.0 68.1 67.0 67.7 68.1 
63.6 64.5 64.2 63.6 64.8 66.9 65.5 66.8 68.6 66.0 67.0 67.1 69.2 69.1 66.9 68.0 68.1 67.0 67.7 68.1 67.6 
64.5 64.2 63.6 64.8 66.9 65.5 66.8 68.6 66.0 67.0 67.1 69.2 69.1 66.9 68.0 68.1 67.0 67.7 68.1 67.6 67.3 
64.2 63.6 64.8 66.9 65.5 66.8 68.6 66.0 67.0 67.1 69.2 69.1 66.9 68.0 68.1 67.0 67.7 68.1 67.6 67.3 65.8 
63.6 64.8 66.9 65.5 66.8 68.6 66.0 67.0 67.1 69.2 69.1 66.9 68.0 68.1 67.0 67.7 68.1 67.6 67.3 65.8 66.9 
64.8 66.9 65.5 66.8 68.6 66.0 67.0 67.1 69.2 69.1 66.9 68.0 68.1 67.0 67.7 68.1 67.6 67.3 65.8 66.9 67.9 
66.9 65.5 66.8 68.6 66.0 67.0 67.1 69.2 69.1 66.9 68.0 68.1 67.0 67.7 68.1 67.6 67.3 65.8 66.9 67.9 67.5 
65.5 66.8 68.6 66.0 67.0 67.1 69.2 69.1 66.9 68.0 68.1 67.0 67.7 68.1 67.6 67.3 65.8 66.9 67.9 67.5 67.4 
66.8 68.6 66.0 67.0 67.1 69.2 69.1 66.9 68.0 68.1 67.0 67.7 68.1 67.6 67.3 65.8 66.9 67.9 67.5 67.4 67.1 
68.6 66.0 67.0 67.1 69.2 69.1 66.9 68.0 68.1 67.0 67.7 68.1 67.6 67.3 65.8 66.9 67.9 67.5 67.4 67.1 67.2 
66.0 67.0 67.1 69.2 69.1 66.9 68.0 68.1 67.0 67.7 68.1 67.6 67.3 65.8 66.9 67.9 67.5 67.4 67.1 67.2 67.0 
67.0 67.1 69.2 69.1 66.9 68.0 68.1 67.0 67.7 68.1 67.6 67.3 65.8 66.9 67.9 67.5 67.4 67.1 67.2 67.0 67.5 
67.1 69.2 69.1 66.9 68.0 68.1 67.0 67.7 68.1 67.6 67.3 65.8 66.9 67.9 67.5 67.4 67.1 67.2 67.0 67.5 67.9 
69.2 69.1 66.9 68.0 68.1 67.0 67.7 68.1 67.6 67.3 65.8 66.9 67.9 67.5 67.4 67.1 67.2 67.0 67.5 67.9 69.1 
69.1 66.9 68.0 68.1 67.0 67.7 68.1 67.6 67.3 65.8 66.9 67.9 67.5 67.4 67.1 67.2 67.0 67.5 67.9 69.1 68.0 
66.9 68.0 68.1 67.0 67.7 68.1 67.6 67.3 65.8 66.9 67.9 67.5 67.4 67.1 67.2 67.0 67.5 67.9 69.1 68.0 66.9 
68.0 68.1 67.0 67.7 68.1 67.6 67.3 65.8 66.9 67.9 67.5 67.4 67.1 67.2 67.0 67.5 67.9 69.1 68.0 66.9 66.1 
68.1 67.0 67.7 68.1 67.6 67.3 65.8 66.9 67.9 67.5 67.4 67.1 67.2 67.0 67.5 67.9 69.1 68.0 66.9 66.1 65.8 
67.0 67.7 68.1 67.6 67.3 65.8 66.9 67.9 67.5 67.4 67.1 67.2 67.0 67.5 67.9 69.1 68.0 66.9 66.1 65.8 65.8 
67.7 68.1 67.6 67.3 65.8 66.9 67.9 67.5 67.4 67.1 67.2 67.0 67.5 67.9 69.1 68.0 66.9 66.1 65.8 65.8 67.6 
68.1 67.6 67.3 65.8 66.9 67.9 67.5 67.4 67.1 67.2 67.0 67.5 67.9 69.1 68.0 66.9 66.1 65.8 65.8 67.6 68.0 
67.6 67.3 65.8 66.9 67.9 67.5 67.4 67.1 67.2 67.0 67.5 67.9 69.1 68.0 66.9 66.1 65.8 65.8 67.6 68.0 67.1 
67.3 65.8 66.9 67.9 67.5 67.4 67.1 67.2 67.0 67.5 67.9 69.1 68.0 66.9 66.1 65.8 65.8 67.6 68.0 67.1 66.8 
65.8 66.9 67.9 67.5 67.4 67.1 67.2 67.0 67.5 67.9 69.1 68.0 66.9 66.1 65.8 65.8 67.6 68.0 67.1 66.8 65.0 
66.9 67.9 67.5 67.4 67.1 67.2 67.0 67.5 67.9 69.1 68.0 66.9 66.1 65.8 65.8 67.6 68.0 67.1 66.8 65.0 65.4 
67.9 67.5 67.4 67.1 67.2 67.0 67.5 67.9 69.1 68.0 66.9 66.1 65.8 65.8 67.6 68.0 67.1 66.8 65.0 65.4 66.6 
67.5 67.4 67.1 67.2 67.0 67.5 67.9 69.1 68.0 66.9 66.1 65.8 65.8 67.6 68.0 67.1 66.8 65.0 65.4 66.6 66.6 
67.4 67.1 67.2 67.0 67.5 67.9 69.1 68.0 66.9 66.1 65.8 65.8 67.6 68.0 67.1 66.8 65.0 65.4 66.6 66.6 67.3 
67.1 67.2 67.0 67.5 67.9 69.1 68.0 66.9 66.1 65.8 65.8 67.6 68.0 67.1 66.8 65.0 65.4 66.6 66.6 67.3 66.9 
67.2 67.0 67.5 67.9 69.1 68.0 66.9 66.1 65.8 65.8 67.6 68.0 67.1 66.8 65.0 65.4 66.6 66.6 67.3 66.9 67.4 
67.0 67.5 67.9 69.1 68.0 66.9 66.1 65.8 65.8 67.6 68.0 67.1 66.8 65.0 65.4 66.6 66.6 67.3 66.9 67.4 68.0 
67.5 67.9 69.1 68.0 66.9 66.1 65.8 65.8 67.6 68.0 67.1 66.8 65.0 65.4 66.6 66.6 67.3 66.9 67.4 68.0 68.3 
67.9 69.1 68.0 66.9 66.1 65.8 65.8 67.6 68.0 67.1 66.8 65.0 65.4 66.6 66.6 67.3 66.9 67.4 68.0 68.3 69.0 
69.1 68.0 66.9 66.1 65.8 65.8 67.6 68.0 67.1 66.8 65.0 65.4 66.6 66.6 67.3 66.9 67.4 68.0 68.3 69.0 66.6 
68.0 66.9 66.1 65.8 65.8 67.6 68.0 67.1 66.8 65.0 65.4 66.6 66.6 67.3 66.9 67.4 68.0 68.3 69.0 66.6 66.4 
66.9 66.1 65.8 65.8 67.6 68.0 67.1 66.8 65.0 65.4 66.6 66.6 67.3 66.9 67.4 68.0 68.3 69.0 66.6 66.4 66.2 
66.1 65.8 65.8 67.6 68.0 67.1 66.8 65.0 65.4 66.6 66.6 67.3 66.9 67.4 68.0 68.3 69.0 66.6 66.4 66.2 67.4 
65.8 65.8 67.6 68.0 67.1 66.8 65.0 65.4 66.6 66.6 67.3 66.9 67.4 68.0 68.3 69.0 66.6 66.4 66.2 67.4 67.4 
65.8 67.6 68.0 67.1 66.8 65.0 65.4 66.6 66.6 67.3 66.9 67.4 68.0 68.3 69.0 66.6 66.4 66.2 67.4 67.4 67.0 
67.6 68.0 67.1 66.8 65.0 65.4 66.6 66.6 67.3 66.9 67.4 68.0 68.3 69.0 66.6 66.4 66.2 67.4 67.4 67.0 66.6 
68.0 67.1 66.8 65.0 65.4 66.6 66.6 67.3 66.9 67.4 68.0 68.3 69.0 66.6 66.4 66.2 67.4 67.4 67.0 66.6 67.5 
67.1 66.8 65.0 65.4 66.6 66.6 67.3 66.9 67.4 68.0 68.3 69.0 66.6 66.4 66.2 67.4 67.4 67.0 66.6 67.5 67.9 
66.8 65.0 65.4 66.6 66.6 67.3 66.9 67.4 68.0 68.3 69.0 66.6 66.4 66.2 67.4 67.4 67.0 66.6 67.5 67.9 68.1 
65.0 65.4 66.6 66.6 67.3 66.9 67.4 68.0 68.3 69.0 66.6 66.4 66.2 67.4 67.4 67.0 66.6 67.5 67.9 68.1 68.8 
65.4 66.6 66.6 67.3 66.9 67.4 68.0 68.3 69.0 66.6 66.4 66.2 67.4 67.4 67.0 66.6 67.5 67.9 68.1 68.8 70.0 
66.6 66.6 67.3 66.9 67.4 68.0 68.3 69.0 66.6 66.4 66.2 67.4 67.4 67.0 66.6 67.5 67.9 68.1 68.8 70.0 71.7 
66.6 67.3 66.9 67.4 68.0 68.3 69.0 66.6 66.4 66.2 67.4 67.4 67.0 66.6 67.5 67.9 68.1 68.8 70.0 71.7 72.0 
67.3 66.9 67.4 68.0 68.3 69.0 66.6 66.4 66.2 67.4 67.4 67.0 66.6 67.5 67.9 68.1 68.8 70.0 71.7 72.0 72.9 
66.9 67.4 68.0 68.3 69.0 66.6 66.4 66.2 67.4 67.4 67.0 66.6 67.5 67.9 68.1 68.8 70.0 71.7 72.0 72.9 69.6 
67.4 68.0 68.3 69.0 66.6 66.4 66.2 67.4 67.4 67.0 66.6 67.5 67.9 68.1 68.8 70.0 71.7 72.0 72.9 69.6 69.8 
68.0 68.3 69.0 66.6 66.4 66.2 67.4 67.4 67.0 66.6 67.5 67.9 68.1 68.8 70.0 71.7 72.0 72.9 69.6 69.8 69.9 
68.3 69.0 66.6 66.4 66.2 67.4 67.4 67.0 66.6 67.5 67.9 68.1 68.8 70.0 71.7 72.0 72.9 69.6 69.8 69.9 69.0 
69.0 66.6 66.4 66.2 67.4 67.4 67.0 66.6 67.5 67.9 68.1 68.8 70.0 71.7 72.0 72.9 69.6 69.8 69.9 69.0 67.5 
66.6 66.4 66.2 67.4 67.4 67.0 66.6 67.5 67.9 68.1 68.8 70.0 71.7 72.0 72.9 69.6 69.8 69.9 69.0 67.5 68.2 
66.4 66.2 67.4 67.4 67.0 66.6 67.5 67.9 68.1 68.8 70.0 71.7 72.0 72.9 69.6 69.8 69.9 69.0 67.5 68.2 68.4 
66.2 67.4 67.4 67.0 66.6 67.5 67.9 68.1 68.8 70.0 71.7 72.0 72.9 69.6 69.8 69.9 69.0 67.5 68.2 68.4 68.3 
67.4 67.4 67.0 66.6 67.5 67.9 68.1 68.8 70.0 71.7 72.0 72.9 69.6 69.8 69.9 69.0 67.5 68.2 68.4 68.3 68.1 
67.4 67.0 66.6 67.5 67.9 68.1 68.8 70.0 71.7 72.0 72.9 69.6 69.8 69.9 69.0 67.5 68.2 68.4 68.3 68.1 67.8 
67.0 66.6 67.5 67.9 68.1 68.8 70.0 71.7 72.0 72.9 69.6 69.8 69.9 69.0 67.5 68.2 68.4 68.3 68.1 67.8 68.1 
66.6 67.5 67.9 68.1 68.8 70.0 71.7 72.0 72.9 69.6 69.8 69.9 69.0 67.5 68.2 68.4 68.3 68.1 67.8 68.1 68.2 
67.5 67.9 68.1 68.8 70.0 71.7 72.0 72.9 69.6 69.8 69.9 69.0 67.5 68.2 68.4 68.3 68.1 67.8 68.1 68.2 68.2 
67.9 68.1 68.8 70.0 71.7 72.0 72.9 69.6 69.8 69.9 69.0 67.5 68.2 68.4 68.3 68.1 67.8 68.1 68.2 68.2 68.2 
68.1 68.8 70.0 71.7 72.0 72.9 69.6 69.8 69.9 69.0 67.5 68.2 68.4 68.3 68.1 67.8 68.1 68.2 68.2 68.2 67.4 
68.8 70.0 71.7 72.0 72.9 69.6 69.8 69.9 69.0 67.5 68.2 68.4 68.3 68.1 67.8 68.1 68.2 68.2 68.2 67.4 66.1 
70.0 71.7 72.0 72.9 69.6 69.8 69.9 69.0 67.5 68.2 68.4 68.3 68.1 67.8 68.1 68.2 68.2 68.2 67.4 66.1 66.9 
71.7 72.0 72.9 69.6 69.8 69.9 69.0 67.5 68.2 68.4 68.3 68.1 67.8 68.1 68.2 68.2 68.2 67.4 66.1 66.9 68.1 
72.0 72.9 69.6 69.8 69.9 69.0 67.5 68.2 68.4 68.3 68.1 67.8 68.1 68.2 68.2 68.2 67.4 66.1 66.9 68.1 68.0 
72.9 69.6 69.8 69.9 69.0 67.5 68.2 68.4 68.3 68.1 67.8 68.1 68.2 68.2 68.2 67.4 66.1 66.9 68.1 68.0 68.0 
69.6 69.8 69.9 69.0 67.5 68.2 68.4 68.3 68.1 67.8 68.1 68.2 68.2 68.2 67.4 66.1 66.9 68.1 68.0 68.0 68.0 
69.8 69.9 69.0 67.5 68.2 68.4 68.3 68.1 67.8 68.1 68.2 68.2 68.2 67.4 66.1 66.9 68.1 68.0 68.0 68.0 67.4 
69.9 69.0 67.5 68.2 68.4 68.3 68.1 67.8 68.1 68.2 68.2 68.2 67.4 66.1 66.9 68.1 68.0 68.0 68.0 67.4 66.7 
69.0 67.5 68.2 68.4 68.3 68.1 67.8 68.1 68.2 68.2 68.2 67.4 66.1 66.9 68.1 68.0 68.0 68.0 67.4 66.7 65.5 
67.5 68.2 68.4 68.3 68.1 67.8 68.1 68.2 68.2 68.2 67.4 66.1 66.9 68.1 68.0 68.0 68.0 67.4 66.7 65.5 65.0 
68.2 68.4 68.3 68.1 67.8 68.1 68.2 68.2 68.2 67.4 66.1 66.9 68.1 68.0 68.0 68.0 67.4 66.7 65.5 65.0 64.5 
68.4 68.3 68.1 67.8 68.1 68.2 68.2 68.2 67.4 66.1 66.9 68.1 68.0 68.0 68.0 67.4 66.7 65.5 65.0 64.5 67.4 
68.3 68.1 67.8 68.1 68.2 68.2 68.2 67.4 66.1 66.9 68.1 68.0 68.0 68.0 67.4 66.7 65.5 65.0 64.5 67.4 66.2 
68.1 67.8 68.1 68.2 68.2 68.2 67.4 66.1 66.9 68.1 68.0 68.0 68.0 67.4 66.7 65.5 65.0 64.5 67.4 66.2 66.6 
67.8 68.1 68.2 68.2 68.2 67.4 66.1 66.9 68.1 68.0 68.0 68.0 67.4 66.7 65.5 65.0 64.5 67.4 66.2 66.6 66.6 
68.1 68.2 68.2 68.2 67.4 66.1 66.9 68.1 68.0 68.0 68.0 67.4 66.7 65.5 65.0 64.5 67.4 66.2 66.6 66.6 67.4 
68.2 68.2 68.2 67.4 66.1 66.9 68.1 68.0 68.0 68.0 67.4 66.7 65.5 65.0 64.5 67.4 66.2 66.6 66.6 67.4 67.0 
68.2 68.2 67.4 66.1 66.9 68.1 68.0 68.0 68.0 67.4 66.7 65.5 65.0 64.5 67.4 66.2 66.6 66.6 67.4 67.0 67.0 
68.2 67.4 66.1 66.9 68.1 68.0 68.0 68.0 67.4 66.7 65.5 65.0 64.5 67.4 66.2 66.6 66.6 67.4 67.0 67.0 65.9 
67.4 66.1 66.9 68.1 68.0 68.0 68.0 67.4 66.7 65.5 65.0 64.5 67.4 66.2 66.6 66.6 67.4 67.0 67.0 65.9 66.4 
66.1 66.9 68.1 68.0 68.0 68.0 67.4 66.7 65.5 65.0 64.5 67.4 66.2 66.6 66.6 67.4 67.0 67.0 65.9 66.4 66.4 
66.9 68.1 68.0 68.0 68.0 67.4 66.7 65.5 65.0 64.5 67.4 66.2 66.6 66.6 67.4 67.0 67.0 65.9 66.4 66.4 66.7 
68.1 68.0 68.0 68.0 67.4 66.7 65.5 65.0 64.5 67.4 66.2 66.6 66.6 67.4 67.0 67.0 65.9 66.4 66.4 66.7 66.1 
68.0 68.0 68.0 67.4 66.7 65.5 65.0 64.5 67.4 66.2 66.6 66.6 67.4 67.0 67.0 65.9 66.4 66.4 66.7 66.1 66.7 
68.0 68.0 67.4 66.7 65.5 65.0 64.5 67.4 66.2 66.6 66.6 67.4 67.0 67.0 65.9 66.4 66.4 66.7 66.1 66.7 66.3 
68.0 67.4 66.7 65.5 65.0 64.5 67.4 66.2 66.6 66.6 67.4 67.0 67.0 65.9 66.4 66.4 66.7 66.1 66.7 66.3 65.2 
67.4 66.7 65.5 65.0 64.5 67.4 66.2 66.6 66.6 67.4 67.0 67.0 65.9 66.4 66.4 66.7 66.1 66.7 66.3 65.2 65.4 
66.7 65.5 65.0 64.5 67.4 66.2 66.6 66.6 67.4 67.0 67.0 65.9 66.4 66.4 66.7 66.1 66.7 66.3 65.2 65.4 64.4 
65.5 65.0 64.5 67.4 66.2 66.6 66.6 67.4 67.0 67.0 65.9 66.4 66.4 66.7 66.1 66.7 66.3 65.2 65.4 64.4 63.8 
65.0 64.5 67.4 66.2 66.6 66.6 67.4 67.0 67.0 65.9 66.4 66.4 66.7 66.1 66.7 66.3 65.2 65.4 64.4 63.8 64.1 
64.5 67.4 66.2 66.6 66.6 67.4 67.0 67.0 65.9 66.4 66.4 66.7 66.1 66.7 66.3 65.2 65.4 64.4 63.8 64.1 66.1 
67.4 66.2 66.6 66.6 67.4 67.0 67.0 65.9 66.4 66.4 66.7 66.1 66.7 66.3 65.2 65.4 64.4 63.8 64.1 66.1 65.6 
66.2 66.6 66.6 67.4 67.0 67.0 65.9 66.4 66.4 66.7 66.1 66.7 66.3 65.2 65.4 64.4 63.8 64.1 66.1 65.6 65.9 
66.6 66.6 67.4 67.0 67.0 65.9 66.4 66.4 66.7 66.1 66.7 66.3 65.2 65.4 64.4 63.8 64.1 66.1 65.6 65.9 65.9 
66.6 67.4 67.0 67.0 65.9 66.4 66.4 66.7 66.1 66.7 66.3 65.2 65.4 64.4 63.8 64.1 66.1 65.6 65.9 65.9 65.2 
67.4 67.0 67.0 65.9 66.4 66.4 66.7 66.1 66.7 66.3 65.2 65.4 64.4 63.8 64.1 66.1 65.6 65.9 65.9 65.2 64.7 
67.0 67.0 65.9 66.4 66.4 66.7 66.1 66.7 66.3 65.2 65.4 64.4 63.8 64.1 66.1 65.6 65.9 65.9 65.2 64.7 64.0 
67.0 65.9 66.4 66.4 66.7 66.1 66.7 66.3 65.2 65.4 64.4 63.8 64.1 66.1 65.6 65.9 65.9 65.2 64.7 64.0 64.8 
65.9 66.4 66.4 66.7 66.1 66.7 66.3 65.2 65.4 64.4 63.8 64.1 66.1 65.6 65.9 65.9 65.2 64.7 64.0 64.8 64.3 
66.4 66.4 66.7 66.1 66.7 66.3 65.2 65.4 64.4 63.8 64.1 66.1 65.6 65.9 65.9 65.2 64.7 64.0 64.8 64.3 65.2 
66.4 66.7 66.1 66.7 66.3 65.2 65.4 64.4 63.8 64.1 66.1 65.6 65.9 65.9 65.2 64.7 64.0 64.8 64.3 65.2 64.5 
66.7 66.1 66.7 66.3 65.2 65.4 64.4 63.8 64.1 66.1 65.6 65.9 65.9 65.2 64.7 64.0 64.8 64.3 65.2 64.5 64.5 
66.1 66.7 66.3 65.2 65.4 64.4 63.8 64.1 66.1 65.6 65.9 65.9 65.2 64.7 64.0 64.8 64.3 65.2 64.5 64.5 64.5 
66.7 66.3 65.2 65.4 64.4 63.8 64.1 66.1 65.6 65.9 65.9 65.2 64.7 64.0 64.8 64.3 65.2 64.5 64.5 64.5 64.9 
66.3 65.2 65.4 64.4 63.8 64.1 66.1 65.6 65.9 65.9 65.2 64.7 64.0 64.8 64.3 65.2 64.5 64.5 64.5 64.9 65.6 
65.2 65.4 64.4 63.8 64.1 66.1 65.6 65.9 65.9 65.2 64.7 64.0 64.8 64.3 65.2 64.5 64.5 64.5 64.9 65.6 64.4 
65.4 64.4 63.8 64.1 66.1 65.6 65.9 65.9 65.2 64.7 64.0 64.8 64.3 65.2 64.5 64.5 64.5 64.9 65.6 64.4 65.8 
64.4 63.8 64.1 66.1 65.6 65.9 65.9 65.2 64.7 64.0 64.8 64.3 65.2 64.5 64.5 64.5 64.9 65.6 64.4 65.8 60.6 
63.8 64.1 66.1 65.6 65.9 65.9 65.2 64.7 64.0 64.8 64.3 65.2 64.5 64.5 64.5 64.9 65.6 64.4 65.8 60.6 59.6 
64.1 66.1 65.6 65.9 65.9 65.2 64.7 64.0 64.8 64.3 65.2 64.5 64.5 64.5 64.9 65.6 64.4 65.8 60.6 59.6 58.6 
66.1 65.6 65.9 65.9 65.2 64.7 64.0 64.8 64.3 65.2 64.5 64.5 64.5 64.9 65.6 64.4 65.8 60.6 59.6 58.6 60.0 
65.6 65.9 65.9 65.2 64.7 64.0 64.8 64.3 65.2 64.5 64.5 64.5 64.9 65.6 64.4 65.8 60.6 59.6 58.6 60.0 58.5 
65.9 65.9 65.2 64.7 64.0 64.8 64.3 65.2 64.5 64.5 64.5 64.9 65.6 64.4 65.8 60.6 59.6 58.6 60.0 58.5 58.9 
65.9 65.2 64.7 64.0 64.8 64.3 65.2 64.5 64.5 64.5 64.9 65.6 64.4 65.8 60.6 59.6 58.6 60.0 58.5 58.9 58.5 
65.2 64.7 64.0 64.8 64.3 65.2 64.5 64.5 64.5 64.9 65.6 64.4 65.8 60.6 59.6 58.6 60.0 58.5 58.9 58.5 59.0 
64.7 64.0 64.8 64.3 65.2 64.5 64.5 64.5 64.9 65.6 64.4 65.8 60.6 59.6 58.6 60.0 58.5 58.9 58.5 59.0 59.0 
64.0 64.8 64.3 65.2 64.5 64.5 64.5 64.9 65.6 64.4 65.8 60.6 59.6 58.6 60.0 58.5 58.9 58.5 59.0 59.0 59.2 
64.8 64.3 65.2 64.5 64.5 64.5 64.9 65.6 64.4 65.8 60.6 59.6 58.6 60.0 58.5 58.9 58.5 59.0 59.0 59.2 59.4 
64.3 65.2 64.5 64.5 64.5 64.9 65.6 64.4 65.8 60.6 59.6 58.6 60.0 58.5 58.9 58.5 59.0 59.0 59.2 59.4 60.6 
65.2 64.5 64.5 64.5 64.9 65.6 64.4 65.8 60.6 59.6 58.6 60.0 58.5 58.9 58.5 59.0 59.0 59.2 59.4 60.6 59.4 
